474298
228985
210504
196899
273062
12015
31228
397445
129952
159662
337169
6031
117545
116625
420489
265795
13815
146145
52533
426552
384385
128959
50487
374224
219333
479164
305784
296076
194376
476010
348067
392641
218377
22204
16790
53371
494937
90022
280164
403791
185242
22835
458189
198817
494706
145804
448483
29564
441789
408580
478677
53722
463857
356483
395331
263575
226597
472539
394434
188096
414463
466648
235279
400704
197535
458047
300833
378026
369781
112045
16182
255792
294300
51907
160973
16620
238502
413154
428585
328592
193174
231844
330713
317874
124420
299115
73630
290459
9580
93317
326783
462281
350653
129243
69887
125206
140020
153690
349191
439630
204303
449528
433753
165676
111310
161888
107262
122893
159128
420177
278385
31398
316031
165680
260767
91252
279496
14968
166130
492063
452583
342783
131300
246746
382514
7064
51453
245587
463850
211923
367220
232032
460269
402713
117583
370697
282650
335092
271106
139803
3495
397493
113340
440989
231820
488259
86822
162225
88366
75591
202078
121243
439023
447267
325722
264985
439254
218204
126264
36246
67089
188166
324101
473524
53940
260657
437446
455122
399978
279116
142907
114997
421319
321661
167228
390021
56037
309573
361396
82230
188001
10847
227596
260011
225064
226277
406263
364395
347619
69870
397816
190116
384967
36612
395290
399741
253652
254864
182816
387776
26243
363058
455293
354185
10936
202482
52130
294298
418042
471258
326661
495343
484699
278812
365476
386653
467540
467889
244211
55735
36236
324047
238516
365646
386198
299592
321031
232909
358905
168523
39706
429087
116553
89316
98943
407669
491177
315069
410771
342143
196523
332976
23093
30850
499668
2929
294535
206080
170669
411818
189525
101141
259862
152436
485849
431348
425885
32713
43149
408691
215765
134335
24253
152038
99353
109665
325388
204237
111590
374053
213874
168899
290701
454825
458967
410337
136351
70863
248581
57926
247864
327421
430428
256190
256048
61787
27028
106759
96987
199748
80149
149893
319824
487085
247415
54082
97795
251189
161343
119783
199213
145762
462526
427760
9394
322286
129603
200598
37948
430821
280963
486325
491100
155637
338170
144675
94075
61469
122585
397136
61865
431323
312374
18276
81900
226934
480464
183245
161294
286735
432114
196331
142730
335838
13710
323212
47607
434981
448004
302880
83891
24020
336082
102511
177543
315427
362913
273206
132839
298338
312951
432574
128336
241784
39196
214931
339466
309313
401067
452643
485175
54292
304753
86848
180537
154362
312998
156970
6345
467045
247911
203324
450436
366414
173811
388801
100371
468755
377666
287306
423113
445003
162273
27565
105386
377839
270591
284024
239424
348751
18870
218780
6147
247710
195570
337691
173003
49739
380836
181960
231220
247910
485477
147953
343192
492569
326182
231686
52720
5808
29397
271869
137606
48892
271276
262503
345966
430118
60271
280480
25055
235645
8389
233997
447847
446058
260279
190818
430149
115505
193545
235449
467639
420552
188564
381560
414618
41545
483971
67804
248320
75873
450732
372839
276033
122546
376611
409310
497913
106924
166064
292348
484293
77490
235856
345061
384524
349153
270394
183242
345945
136112
22667
288538
56472
364030
454838
385887
130160
34239
360972
405573
38511
285442
489010
101847
160212
82872
130709
117972
410110
166663
57588
57640
320212
435865
333539
275669
139585
301812
494301
387563
453587
209039
136056
111517
302476
423478
299174
311014
136788
386758
481439
13478
25086
292041
142862
428806
208601
98527
307868
370557
158991
486692
212928
19063
379013
358416
389783
230662
2187
266784
178210
324799
271756
313910
453062
450864
55932
150863
88418
317104
316236
345468
386533
236914
251948
51041
261791
292541
246347
91825
347220
119657
323179
193026
109244
11147
277834
201121
349412
167215
46814
251106
295481
299921
485320
449189
175468
462065
114431
353132
134753
63460
121281
132505
473580
451755
498981
464735
464209
175924
211394
214338
46844
248542
90405
127430
157444
258378
1038
55027
209634
415308
399546
221623
288787
472422
309224
34124
183488
128988
206052
48594
354542
15563
286540
378195
200211
174339
47235
246963
120761
42948
219789
333788
179260
392507
433900
451631
477597
13295
37975
418223
186624
494802
397786
316824
328286
145192
287667
485862
407279
246412
295579
27068
305684
276476
271953
410084
328872
25644
327723
272630
36759
312448
199249
355061
276776
372814
331986
127676
170801
205563
75776
448638
290984
270424
294698
452627
458219
476812
300257
165557
114279
62341
155677
6082
337880
424129
458608
469957
125658
102143
75224
361302
435144
260801
400467
482863
133587
296554
198223
69777
55195
31061
8321
421256
347474
201792
168242
427066
467784
89759
442162
67897
267392
247857
428668
147871
90199
199880
33454
212052
450521
292508
86790
282703
102661
287638
342088
56702
431368
374912
61232
197231
152133
376724
361895
411087
144645
274869
54278
468845
117949
94258
1987
169612
94058
29074
423805
446240
28917
225050
128959
418871
155443
125806
429572
103111
271887
290481
25241
77385
281352
88921
418919
411129
327066
360498
298528
202502
254498
90303
295
138285
234238
306217
216274
207459
108559
146995
128033
348962
364326
328591
357533
474156
442956
318728
432272
15225
415644
252875
34800
36013
178346
197048
283649
101491
348787
439272
85529
237788
404385
399850
393382
98645
70018
106321
229858
410315
181473
462027
83741
115295
236339
274164
18263
52658
49277
329908
364065
297834
329586
298770
318209
62202
481305
268548
283248
131745
239502
120618
43337
273236
93697
204114
438610
467401
341882
412639
494588
304006
52811
86751
23288
71091
311228
474713
10840
50057
354655
387888
402103
341404
399860
83068
166410
59751
137322
296957
232373
265749
315037
171402
263926
119054
493954
387186
194131
259077
261737
295739
274634
213126
345648
95539
156607
356181
461870
7218
110726
397738
383551
133730
476595
245807
117163
184853
329759
144232
255555
82420
466984
488531
4226
15052
275752
492757
445470
374869
410567
96918
451621
330720
4070
22964
204110
348366
69793
359507
207950
190891
379416
264349
125619
410519
180380
152510
21238
188482
401142
165373
214221
334106
133385
111723
179239
153367
5404
205452
346159
189543
278398
286186
424657
152508
485578
44801
60064
177453
226194
129175
384973
34561
121060
126251
463114
326316
76413
353595
102672
176690
439055
125389
376683
48109
158174
211175
330474
281569
262986
354560
327328
480116
102526
423352
70577
245434
179646
452899
331701
458658
130287
196311
238825
136480
99719
284719
170398
288559
419834
225288
170465
293178
88075
50390
257904
457388
34563
321155
387738
454952
19270
483620
73165
400697
226739
260436
343109
141952
46459
464270
102832
409062
95939
142467
410235
297057
148145
2292
330848
310838
3921
104287
297573
489932
166522
275009
120856
164082
349260
322134
231704
482471
54308
458465
185899
398569
141403
106728
219574
397514
254325
471592
220272
50616
490580
434545
416664
84421
165726
223159
383072
405082
257185
151432
242367
203106
431213
298584
96904
5200
466788
161777
439733
348094
130468
296496
280912
88998
158577
131723
214926
51215
249235
72152
466011
85209
343268
42314
230717
98401
307311
288204
144693
206652
484083
375099
470429
136016
148654
146679
225681
463551
399829
496427
446167
179470
164559
57473
259331
339252
314198
490929
65944
241077
267452
71084
366733
87835
316657
296096
387314
440451
221723
39875
175975
230596
74586
94069
428728
83786
200979
55708
355155
109578
409713
191100
208757
218982
375315
405628
269190
425352
177946
244521
271202
411168
369878
392314
379552
26286
287177
209592
319834
402347
142528
37683
63412
208729
492528
57319
315159
371985
313473
82936
113126
385397
209746
383975
31169
289493
132442
184011
366013
40774
133488
418436
133560
374506
457135
256681
270447
196824
233666
489188
68428
154822
245779
81993
496207
430798
393961
459868
123779
466752
309959
84832
199046
49566
268047
190194
93446
53122
42874
341278
368467
241595
187096
193938
172331
351105
409380
260400
51871
498139
349196
430877
323221
333722
268695
410567
473400
466720
168739
479504
161529
423156
216539
25302
163134
291511
485567
492412
13286
162558
106242
494799
331612
35814
328382
154618
450796
191920
128084
87901
418516
370908
36943
397111
200305
103996
485934
383685
463644
207670
222028
51854
473845
288333
30199
175834
221468
424944
282064
207532
375187
332940
268890
469984
252621
399004
425038
453794
276693
411235
328182
167936
298320
218367
381793
311745
346959
337734
333580
148596
111951
277308
32236
7445
54060
107053
160213
274167
57192
409828
197205
169592
334226
153171
201838
83070
481369
461968
239366
125021
436356
48239
376167
242290
174813
207570
56491
214529
162470
476916
230819
156421
466133
32027
134287
321296
468617
343828
64357
88712
349049
287332
351054
473619
23005
64601
292797
209777
63933
384297
217291
278600
70127
350296
331480
289115
485497
155990
61922
226960
284263
483770
484519
216208
480254
254137
336432
16955
277088
48336
414386
67144
173823
224227
254375
287994
22911
417746
63008
213473
154242
168237
108847
142494
144469
419186
498361
41248
365255
83363
431407
221976
198144
35806
129894
304999
23503
213934
446389
256976
480058
117418
33375
46373
61330
461766
167837
65277
281838
334232
25561
256480
432443
343034
358889
6372
194326
349371
29425
276472
202488
207362
360789
286303
322614
387122
57604
97228
286586
493011
481785
190891
260689
110225
305678
480633
477979
484170
643
218787
468165
80880
270141
204321
211617
170871
267980
419597
347310
242299
433054
209210
11963
432491
219276
99293
441996
251658
438194
305703
313879
298811
248492
48296
279063
353501
14681
42412
160521
434998
116612
487228
409699
497234
226248
203922
266509
129079
140726
349830
240242
490430
13730
289324
267067
382353
448618
33825
400572
55412
47311
214514
490066
86321
174432
87383
124222
137209
318248
307739
469372
179570
152922
451061
296234
108274
432536
352676
154544
276336
319144
52579
341320
215320
373425
286543
157530
451206
375571
448068
409310
150619
140089
354315
127909
38774
146718
27224
496209
342564
452014
201721
205353
40225
242835
32182
394896
456041
386527
154211
198653
349612
265463
118143
95968
447609
265722
298310
95540
417880
413079
346420
469591
229494
66863
5072
283606
353967
171824
3349
16508
133679
445772
62163
72150
150916
341327
26834
44323
197322
11095
432260
145519
242237
336828
239882
298344
102398
270322
492603
481079
183011
42741
351380
217917
422975
33839
57881
324816
259139
154300
276221
340093
194728
436832
409667
43502
425227
100112
397701
132452
131025
411297
364538
32223
422974
36891
75693
301392
361747
420370
169476
217306
352779
285113
475023
415195
79293
286102
95975
434865
305801
493735
160143
457770
442149
47774
455392
63411
291146
186181
219168
424624
50271
374535
135346
201439
367089
444266
259012
348819
313278
425414
254176
455408
65353
21890
294036
433576
207826
141476
459503
26718
389386
85551
215349
463058
147554
329876
123530
303056
396224
3662
377379
455687
328447
373590
298931
87411
471855
270296
333833
13097
491320
430825
434500
384018
382731
128008
138886
273351
341420
278191
106476
91197
418625
121014
159323
384144
350957
379144
385511
416710
198945
257052
493938
427281
416378
181169
392141
372269
281083
393559
82668
214904
489280
398830
498289
283907
69720
495626
485707
89279
86780
48845
255115
286602
332682
1659
186399
152192
50501
186771
496429
1976
450863
108392
205317
62427
378787
493755
112999
387277
17658
210907
383166
364832
303647
248292
65184
161133
254914
392661
132690
289742
119946
315903
363482
216422
89415
96862
283549
497925
203552
344464
129216
253248
208168
473413
208557
306765
393099
376590
264688
345036
425349
440793
111435
456810
152440
348235
60221
252118
177527
230006
481885
385182
131211
94722
305117
304209
350978
446322
387621
415547
5096
153573
208403
441516
421058
170403
497376
415768
309397
431826
385829
260968
95405
127427
37485
112648
371387
5709
204521
372534
250158
267765
479351
474218
440142
130261
14935
473819
95397
180145
444352
302455
328239
110796
236746
21953
29128
273820
374818
332822
144157
182234
83163
448672
279387
226930
40394
129466
322152
427649
441760
357883
313369
177052
74391
169747
140026
350660
233737
68381
106851
56521
422411
265843
434283
285556
340585
341411
425534
267781
172328
280921
18100
255597
382408
173867
444167
18874
66547
34917
14349
334500
102836
180385
375112
245832
159006
169786
435239
52095
71654
496883
416869
248604
284167
135898
35007
88513
448126
303652
192050
230578
320221
346039
150822
119885
88529
499525
131098
46527
351517
232357
294772
84100
160451
416888
243223
357449
300075
82346
69619
46986
216945
439165
105417
224122
476495
246632
311322
215497
78274
381018
199323
160209
289662
41431
77796
483700
216704
187386
50145
470295
62150
65743
91446
266817
316999
365423
2595
68883
72904
294620
168950
356943
63468
44306
227216
541
380923
4854
237065
114127
398234
19054
89099
89243
70861
494168
173360
475289
20754
258700
250691
460094
73939
386601
48334
124855
208599
227505
60141
247598
353945
476892
422901
499156
417320
23643
6352
427964
222563
389664
336238
316835
54143
499534
463448
92712
78975
440795
456588
309780
249029
392141
417708
282632
349367
162132
402648
136598
192690
193253
384432
5954
322197
373836
253609
347090
148278
387003
282737
314319
30785
125561
422568
109081
246951
50976
176959
313381
290479
42211
453263
130664
124811
402848
59397
173814
128093
355426
116592
267752
492155
474634
489768
342374
44966
293865
381578
485941
244371
107846
8913
458591
418021
483440
416797
453626
211739
365699
156914
455692
293308
401068
419104
70191
215008
212513
128845
155599
142693
99004
123619
322628
133941
118782
463640
85064
282969
32343
378753
418804
362910
244475
329534
308930
236354
380830
314646
188426
243831
450152
225973
156097
306231
137751
142559
94443
41244
145808
376795
437056
386156
131309
116644
329991
454973
320399
76091
426114
418448
233642
86535
19137
417701
338205
49947
190697
111479
234504
236074
363528
10332
483317
238357
392967
308316
327768
431035
171784
15038
407075
194068
166919
40618
76149
400899
393926
354399
60851
240134
93750
298557
456704
291572
286161
34791
327243
120532
198074
131905
183284
350381
22508
331934
5003
468309
125220
494291
230810
16595
441626
207883
337409
486094
362213
225044
254528
217292
188171
96229
136948
309152
453705
326055
102775
55959
486625
135083
416038
407378
317187
6861
460567
317846
143891
20365
420155
480958
135211
487388
420641
218936
367409
382703
214930
61124
282200
444070
256224
177080
288886
419216
57976
341967
294915
123386
106395
315197
51561
322662
88931
456188
175489
73853
125763
394731
12289
414168
85009
8268
458607
422866
231404
84011
349774
411227
452195
168330
75351
185938
304615
113634
112085
442553
195314
118469
218047
321889
270798
203331
433747
4416
431121
451786
450659
431857
113578
139894
391239
62421
217698
25130
335816
310901
458573
35924
16339
489253
428483
160323
268215
36642
133929
106255
220037
373494
465207
317680
371199
144485
306253
150029
329626
77732
337013
200845
102119
182882
423833
295376
50755
90297
335310
344584
156781
184983
257450
302795
380692
137021
403594
463386
425857
459103
260139
236805
379976
428211
299220
40739
212160
328334
78381
321487
86652
281114
387405
471079
291146
5786
257514
315478
36539
109868
220968
29505
192793
108584
288977
81681
197290
341343
382234
251712
328935
86898
83525
189886
64224
392731
215247
161561
38733
368371
346597
447542
459560
1439
429382
299831
15747
80731
102801
370486
401285
71137
105883
215
118887
417187
405671
273302
12454
123565
59290
447091
64339
321011
160532
241823
489712
340239
480565
464127
404740
85139
495056
52807
216427
245113
234485
128209
433400
377965
49778
403798
472367
252168
173778
388801
468503
297870
255566
224655
13493
157978
141479
99359
394894
154896
123467
445446
171285
392251
237845
24957
337022
493533
416228
51655
386517
229811
350563
474520
77017
243400
263433
186784
483910
151251
1599
123870
382626
419714
351143
125355
404181
392580
460478
307343
27208
61744
427697
489686
365107
491440
108029
163310
130248
469711
353643
261974
99910
297701
452090
218628
303619
401613
161542
378087
491246
452140
357882
48343
377889
360936
212812
253549
8531
105843
181014
318664
234297
187078
206665
274994
377614
4455
494113
9448
104735
242815
87488
289284
196664
483438
272360
273916
48552
385929
361436
305021
334775
434310
105735
54204
70287
8926
317964
362644
424145
275880
415774
441018
97243
207636
103816
351567
67533
199075
340931
164746
255247
190374
410939
108323
44362
26239
432397
348463
341215
47737
466461
448911
397143
119502
364677
28466
367939
444033
148589
230992
391873
32407
322795
418716
140924
109732
346505
96586
82480
495348
138394
236018
222002
326807
138383
297181
443666
94133
306008
35404
63088
31114
108682
407900
202603
158436
287721
361142
97054
31699
75946
104499
167579
248720
299616
211150
433738
417572
472989
395835
151460
281839
436810
144889
491331
313901
110631
442947
375182
489015
104525
27197
451992
249968
49136
10286
24850
52943
82268
480027
209125
174570
212091
462150
227685
407663
287897
2312
412239
425793
318213
224553
222268
340487
450661
445973
446864
308817
499602
44256
104186
171698
55754
114477
4649
393033
424299
342710
369785
498927
96231
131332
474720
257690
320564
299193
425811
245671
492765
220872
16023
322495
350479
55762
369680
425519
113784
488882
273816
291393
331269
286419
46560
457269
325610
429731
347502
129499
154314
291072
491648
283527
328562
366650
347014
262777
409585
129709
361819
244735
47781
455598
294359
339474
113322
139853
12941
98535
235360
477868
468211
351879
136190
183092
210759
397622
98451
160569
438337
385822
138476
297139
395166
297496
490605
116445
421748
291142
4112
167220
235836
475047
395817
87554
406099
151369
101300
435893
101189
345623
31609
242880
415219
116633
387928
498185
449879
338013
393583
379371
66473
46638
496915
10464
110597
489094
249629
137299
128243
189274
180171
179325
427909
396558
394454
467359
214087
228230
247933
45451
298257
496522
178290
320952
65723
485925
357255
279177
83677
16411
163776
424077
302092
255711
69249
36056
360819
423112
379350
276251
374554
409277
145717
485901
422026
499737
302394
147308
191851
458031
235994
222865
33880
64740
395730
408243
154249
146250
19247
480630
382059
102744
492211
123624
425756
328857
471718
85238
274989
190546
265686
425916
318502
132729
373358
275789
430677
263391
420100
384576
455781
347085
330995
31000
259262
351354
496322
412613
243347
49639
41715
95693
145059
475879
200738
244936
404970
293922
46814
483867
439968
496444
111780
139582
495841
246201
327283
219037
10520
392409
3101
186624
275362
172248
370958
44003
236706
70912
445928
324757
199406
186238
411070
148319
333622
348651
466024
467210
66465
97848
271646
337488
150813
361133
184035
261644
59149
79343
433964
258719
314781
369900
308090
33271
416170
224617
241134
168978
32717
204773
25172
133260
5038
303684
307238
385144
354303
13301
68414
413097
345787
455120
400874
241865
313870
357303
63190
29536
313783
92527
239426
402028
337426
199629
91784
444438
348951
200069
87831
290185
418213
280910
13688
232278
39626
274643
359651
23635
354506
386973
452418
214833
43193
151036
197557
426445
391151
79217
136222
366539
458780
485532
75775
337782
369492
67858
157703
265766
217959
479972
329894
123911
478209
465813
75199
454330
428967
364488
406078
181549
335437
448500
476860
472589
70307
174135
59466
334089
234377
301278
221300
147398
82962
460588
354914
15221
320494
10194
20703
74945
294671
259346
152923
116552
66192
276021
389888
391602
440349
394729
365012
106985
497274
212222
170284
78391
302709
408300
296180
329734
303731
78492
415134
166367
95224
175077
284258
385044
448469
195209
305670
210361
181828
214493
169990
302701
488631
201244
275804
473451
285682
373326
167912
396499
148305
19374
65960
459662
408191
19196
342053
318129
291244
323724
28853
13143
41427
487521
200867
142346
306059
446145
318689
355895
442875
476037
193397
212873
230292
231109
364188
379838
374567
200987
175743
198625
240058
443519
457730
475370
146418
106669
43187
327238
308366
241830
274996
418752
287859
483425
378124
12269
162481
388098
131533
53712
263192
252689
417995
361572
467463
73282
156342
306236
16031
419101
242995
254532
338124
179143
236193
38394
379881
160522
344882
153629
328152
209449
349470
263862
147866
340049
53328
130256
486095
17295
207406
230516
453934
49802
468921
272390
187353
28156
337238
401952
371985
487062
143845
164269
355278
114748
400266
468084
359318
76960
175735
482821
457644
177209
451072
313127
336747
372856
52163
109649
287418
434192
267855
281232
396498
203338
300528
380548
259083
385727
158921
448771
82137
111154
50283
251229
478354
360225
475063
463579
127006
337588
283142
471886
420439
391129
111134
352774
363214
30951
99475
46559
91920
164446
410500
462803
385157
38910
215061
466854
18635
452609
237855
321392
229196
155950
75407
428673
159498
19045
173782
236247
436599
277821
314851
73660
121003
7302
476666
10907
144531
242507
197697
396546
453405
73761
318850
128066
400599
75581
317679
347864
54629
107840
131846
85423
348553
188442
185983
260248
272716
354281
284976
85779
115703
35647
35396
198120
390406
442279
73798
399993
162272
464911
121108
373485
57215
125460
281886
176626
87723
257428
155887
478507
309358
161217
365728
351163
472477
493488
344078
176487
185599
376540
374804
418809
261302
382448
239901
413703
59614
131535
234628
126429
293912
339287
372732
466400
38432
274581
122006
116473
27874
279774
76296
76984
84152
345464
64827
362028
147789
242205
167653
8045
52705
368505
403233
140967
412314
409919
301466
325305
111709
256202
224916
337401
496780
181436
48297
261608
408328
126643
88794
88026
263033
38738
134111
471003
374017
117017
377724
444726
281032
104767
61273
359708
77541
351148
492789
175002
147401
275362
379936
344084
102502
436810
414025
483196
452437
400264
289053
257607
145616
67599
217703
259093
392452
438376
438765
369525
306833
109752
147614
6720
195634
279188
176449
155670
460301
290010
214138
350398
280001
432038
156201
7269
88834
395466
193422
348085
448083
319594
205534
455934
15750
123787
151786
63790
311234
107726
28688
128760
358332
55652
455656
121787
326367
487580
306226
185658
499630
30606
246568
6583
283761
147369
134665
312200
364757
328318
240310
264534
162017
481130
422581
120554
461320
96404
43209
272528
427337
68518
193573
409683
240566
338070
86843
111801
420211
226196
164245
349043
25997
424589
383011
438344
23752
158993
203184
245910
159590
338092
228048
146719
80187
110391
487319
176529
107474
219151
147756
415494
371655
324300
282392
102824
74133
387276
67720
434665
261912
65760
23822
139377
312437
185631
143139
470724
167787
176710
272704
37426
390786
198628
388816
191
332383
173158
486760
195298
70067
390715
242094
470527
77507
401205
428481
47477
245956
150328
52239
429497
87141
120014
215006
451380
214082
439317
418648
155956
452988
276133
455410
53926
216049
78922
21139
196851
179879
280696
428471
336825
372078
139809
188092
353297
446455
372272
105999
25480
78617
452085
430958
411486
396357
98106
298423
242016
299289
153150
297767
170737
202282
112569
144264
219073
258458
210222
166995
76427
92664
363070
149378
241844
496968
235290
169489
284946
110495
256104
471287
5607
378445
126348
213751
302405
436334
319168
292677
334537
436859
49434
244401
423163
482643
413485
452088
168575
154731
407743
128069
244089
52424
213157
225321
107108
91630
177397
475017
461417
417285
184792
9709
233096
260052
436016
47886
115453
309963
247217
348729
292770
47027
68636
361102
489873
236011
421425
168994
308977
345126
499997
337792
134417
417835
176600
335817
136982
74393
18411
11974
298305
223152
395896
222589
258310
271320
396938
118767
392848
113515
235883
35303
76429
324521
199924
328007
104766
183723
423306
149514
222792
132911
421067
294606
242237
482669
493763
253061
325193
297385
272519
373985
13810
95956
51986
307101
287112
321804
339501
487075
298766
196300
142222
97624
171028
162860
125974
2817
415430
443646
350267
36576
378766
442162
454130
370246
483831
274381
294231
421905
237368
115027
105638
107515
113158
288050
419817
43491
129148
447388
51433
429061
436471
227011
118799
132057
301747
430743
432665
71504
423333
120965
168473
311665
160741
282634
224529
110682
122207
258845
417761
115968
402017
164555
157553
283611
362445
41929
264227
247485
200222
190171
150975
275931
207188
271947
403136
239664
10756
93710
389327
77874
28441
353129
181670
276439
145900
441419
397815
252852
228404
284037
175705
326375
256394
150481
195490
232374
40142
44632
328639
222459
41448
466762
289897
74462
188007
389395
451514
145035
499640
270927
3214
316087
139140
471649
304340
356820
101294
181872
113543
494020
338830
422147
246037
62643
300033
234496
269526
458246
326374
319810
428113
472287
443978
11881
12341
443291
382251
343036
59436
29651
362213
380916
290281
291264
364982
179618
27156
129860
334505
193932
92616
68330
61878
356929
333613
234961
107511
123393
29697
144934
151349
393006
356060
96114
327942
295534
390534
201761
291386
446315
86371
436179
26869
93100
362732
481104
322393
294172
187049
225039
156178
90478
402455
374975
276901
384096
427704
164291
86979
176156
166236
385735
67224
404303
418876
181931
331886
292256
30639
409510
476445
290411
477141
198935
204691
376243
19428
392966
418034
459879
290322
413561
56231
145817
38182
294099
366223
301951
207602
218488
445896
159398
437072
324295
433134
42341
12145
237753
100857
224316
272941
176212
169153
282693
419881
240835
467879
219250
39930
473846
224922
65295
113493
35133
485019
241986
335717
98860
450726
326367
168955
422667
99102
332388
110732
202500
10520
161952
93586
28001
217307
252376
9053
344513
259024
434921
386611
38333
87353
125151
321524
460872
457352
65516
266678
12284
108446
117494
160005
239292
297183
51455
303414
172520
243752
348195
95333
189099
395560
9229
443009
206244
161936
477699
359812
286514
249818
452682
443794
212960
87594
263564
218024
34759
235197
381338
150492
157378
287529
414659
182814
250237
442253
145485
251687
238278
218208
98068
14586
302618
56655
64516
293464
144707
324109
311709
249437
333284
86927
450067
312514
226097
321937
321819
343664
301660
496454
370561
79347
327110
20634
73530
212956
312216
268435
397644
164175
61092
345087
267632
315918
243885
79966
207233
40239
249315
299945
267325
293515
250291
75983
475136
493880
229819
315796
418431
147662
137616
20608
162918
186542
325013
416395
23934
91373
49912
44173
184196
358030
150598
311563
131870
27943
161587
441109
431490
25532
184057
236566
172528
365967
379736
125182
492098
269043
9321
432402
256845
336963
425701
254883
209232
10882
361374
455609
455365
484701
310917
106058
365297
83210
489940
63717
419745
185930
78729
279748
211111
28217
397971
180649
483759
345062
493009
277354
107286
270196
17503
398003
342569
430600
425757
476212
139460
238016
350269
149051
216046
270112
230636
189877
322
389443
221148
18911
296166
499610
480408
58896
48231
259516
23569
98047
297656
458872
190743
32668
357876
203478
455172
497905
405119
235034
219666
29470
392054
128042
162788
155613
460877
111448
115527
14148
29240
8825
261996
197213
497083
145571
390045
176042
210389
148156
349447
271589
243814
340382
269461
474516
111749
144457
60341
487588
128208
117437
374504
433629
179446
212273
297486
25002
72342
277800
112056
485597
378564
454066
411339
350402
163119
392349
394696
198944
220039
142205
453966
356959
409235
291931
253673
121060
277399
130136
91379
127299
77706
493860
411071
379030
483232
180491
414326
139504
464400
50501
329367
441533
342749
291145
388485
107149
379163
409726
84966
403147
268244
190399
216661
433259
39758
68466
474248
224274
339396
400191
471408
103801
130604
2816
297641
159199
258343
44981
169332
88435
446051
335755
81932
435604
280501
85950
71063
382975
193171
322637
129414
150956
248407
478356
419292
302886
184170
448129
390249
383330
449110
127995
340501
464790
8745
121405
397947
409602
157112
484656
295310
165709
163664
284862
279805
270592
6115
280171
232451
201468
39323
320593
269440
58501
304151
33395
233608
203242
395176
393091
168283
477519
437086
196169
208861
254637
233010
98678
495765
231596
23919
241625
329686
391562
258144
336919
297022
356199
268644
352778
302442
55838
211809
439920
303832
447044
489281
123211
257217
180963
385903
479131
243340
356843
59033
245225
348961
491159
87486
458065
200342
305991
12757
154255
82708
320717
411940
184330
262625
325290
397694
401628
226521
483812
356835
235259
307652
308416
480100
335886
306121
96249
449972
295526
357265
289551
41086
367540
419354
78621
236059
125631
2294
347690
144641
261950
328429
31949
336366
391618
446109
368909
131603
410703
82583
393633
485815
14756
15007
6721
171556
2032
456088
407149
419073
247021
377773
99411
383018
430349
453305
198338
82096
169657
126110
455099
135236
245954
63332
103770
271206
27596
411810
107428
341307
9173
10228
47564
242353
124715
255510
431867
219370
125693
223319
51536
23143
412448
48250
355131
481884
122392
103538
92517
40383
380273
175774
321483
488318
305981
71397
166055
320674
130710
115894
322364
73843
291604
498583
75058
445033
499804
12872
26289
164814
200856
256404
482180
87396
470217
245432
46482
131662
48399
338624
441087
443951
473979
48469
436266
106185
366517
434816
219609
181990
300352
485846
193242
472758
237828
21261
126278
29629
371780
187757
184550
249981
475424
463142
45410
269363
299820
479103
428857
159559
272314
283416
263241
381630
184015
47908
285402
258873
250920
66293
121675
465265
314400
346497
199202
337684
336972
268370
408888
89352
298838
406259
282915
220634
422979
134364
309446
145915
352654
430879
230490
375510
33935
361805
420835
300606
128410
155149
347372
133314
300773
317914
207560
492651
306821
261707
113850
321781
450770
181773
474203
444502
230754
385357
488989
45732
486669
258052
27448
134017
320038
23358
140166
310701
354899
339144
299899
471182
189535
185871
191153
324511
40632
361275
41022
135564
130227
29927
212732
71124
59207
420117
293270
17196
100104
433342
279897
95542
424171
318009
29035
287546
270122
83650
240222
64016
286305
384569
264852
334248
8044
21247
359928
127720
467465
51471
495304
67398
345270
447945
463345
289571
117877
403368
258532
255196
282058
341873
496555
491691
457307
305551
144891
120787
286623
365070
7080
159285
156274
111397
19742
176825
495577
295379
263149
64208
259671
423371
216476
235197
185940
410964
479129
413103
222414
257723
679
389421
384536
272507
261337
365811
246882
377440
348729
355707
480389
116790
247743
457066
71467
231333
330726
171747
465219
69825
191602
992
451772
113480
71718
499813
339539
363540
69844
60017
102035
7618
74897
87331
157500
53510
430663
234644
490309
461748
288769
450326
379257
31588
141276
461236
5851
276591
446951
353116
193272
210977
154027
116547
453175
3814
214530
312419
12200
192760
167952
15544
292559
420552
116534
73628
162387
262404
83449
145692
344902
62371
419881
172999
498714
400511
255219
22432
125569
251447
254432
10282
96140
181400
430058
242738
61804
292557
149942
74273
184830
223418
204208
346549
12729
158439
461596
221807
283238
2794
212862
175549
103574
352793
371726
228897
150702
306206
448793
459503
444563
249321
278545
344094
243582
355364
351926
80770
120875
182152
71681
211531
201998
168755
109536
111879
377284
354692
84330
68446
413174
36367
328318
199965
224423
402092
466348
44942
191679
86727
359227
38117
9406
493219
142913
365675
67921
498364
118844
164851
403704
161491
387854
262286
279766
163172
12420
350335
209222
28197
159182
231281
149860
28787
425743
137909
338700
30380
206851
162813
25040
66095
211006
73143
46492
53836
51655
403347
478643
385
182824
338615
411670
328117
93577
286998
129873
408490
255836
123463
233305
336016
347351
169749
274565
257729
273737
174362
336805
450280
222516
424529
147723
374413
307565
366784
133610
181214
154555
416735
189151
280263
133304
164201
247988
148981
269745
178791
133889
128998
459482
133828
155125
96686
172903
256292
45165
403623
7971
88215
203142
310760
465086
487103
40821
129448
122177
266142
82863
247119
343896
12138
388403
324745
83862
240477
368557
169402
45435
126014
498093
157343
10679
485066
42385
429767
186051
272477
142832
317497
137448
284650
289627
175177
498209
72088
343846
177804
245438
447401
151608
63611
307250
45806
498615
406569
127887
57272
15422
25377
363050
273419
349945
35772
412716
495437
92852
129093
245952
493985
494382
257214
335150
185467
262556
174882
456031
427895
127078
481984
160259
460015
116360
150490
488129
274082
414857
417165
144522
301295
282084
356387
625
289710
27956
453411
338995
364650
209758
93992
15199
117257
309339
427806
34592
351126
315508
56941
298182
69387
130723
370670
371951
250748
362304
1561
23430
326513
6166
230909
78338
243963
17634
191381
491049
366032
287388
18237
392590
308266
102015
458409
321559
417830
101806
335611
42470
485463
419121
80327
23797
26770
394506
318638
115831
83239
380222
318255
123866
286074
387794
308070
449985
240709
260682
404984
91918
357207
32740
421291
8303
480950
320021
160629
159227
284538
110237
316094
46531
432544
287086
302221
37379
74818
167235
488052
428125
4809
162473
341380
51264
321042
275067
29317
181477
330361
199909
129148
64307
291038
81904
170419
152711
467348
384099
303652
99516
203931
323873
449232
275004
25407
238255
154650
3853
329552
164978
84541
491788
49980
271804
417033
217816
378132
208323
480439
110934
419538
75360
391905
304715
8416
202911
79467
232978
192214
418443
329613
152756
499886
463246
272183
465040
36817
185629
34885
426183
219304
342587
106782
271324
255574
334369
384765
36126
246761
134578
371086
424090
190253
336850
380657
441249
393753
189265
51588
315254
407395
71033
39113
181140
47892
68645
392847
80930
387168
485378
494582
382120
64929
263325
247841
25769
421120
398203
418025
357777
394572
354996
200115
40828
178847
263542
30290
163298
209724
328954
413456
438220
64839
359340
409406
224065
121077
362934
320261
302587
223901
212078
293111
74565
386029
356918
32828
105900
47348
275730
379717
134254
243313
198822
396824
365670
212032
466287
115138
433606
72276
310543
302941
331419
150402
379832
315038
279610
484524
201880
217680
136421