474298
228985
210504
196899
273062
12015
31228
397445
129952
159662
337169
6031
117545
116625
420489
265795
13815
146145
52533
426552
384385
128959
50487
374224
219333
479164
305784
296076
194376
476010
348067
392641
218377
22204
16790
53371
494937
90022
280164
403791
185242
22835
458189
198817
494706
145804
448483
29564
441789
408580
478677
53722
463857
356483
395331
263575
226597
472539
394434
188096
414463
466648
235279
400704
197535
458047
300833
378026
369781
112045
16182
255792
294300
51907
160973
16620
238502
413154
428585
328592
193174
231844
330713
317874
124420
299115
73630
290459
9580
93317
326783
462281
350653
129243
69887
125206
140020
153690
349191
439630