372405
220286
328740
473022
384722
321136
242436
338642
263466
75913
44565
233472
210691
272684
360168
209537
323306
24323
484307
230181
415772
496257
437431
49240
67172
456802
471258
50456
127688
149147
224042
475627
210554
444209
354255
428181
261161
36607
408111
231747
465785
318695
471042
123321
366825
309964
28448
478811
23527
372590
139406
478564
307175
191271
198585
332677
55543
189377
433227
312783
226112
145082
461971
229434
349401
13218
123747
140987
349279
427295
119350
438797
413102
334501
182441
316212
269583
145574
439981
184619
310495
486949
228
228346
72254
338174
234477
467001
314213
415747
468273
259192
402907
491076
179164
308465
453313
46196
129331
411436
32385
302242
310816
69178
203032
494652
369538
254116
2260
472918
379152
176625
451893
135040
454606
102858
360869
184792
1319
109125
95732
364859
350725
150632
207742
420101
88368
461952
432448
49782
197326
451553
92887
315595
73774
483157
203807
316520
426304
161893
320545
346093
88981
189939
243230
228744
444026
286885
244127
417923
166301
102292
156395
474789
299338
352975
390567
499957
37783
340664
36458
400062
272422
48963
244953
117659
127598
58069
271750
262948
140284
168620
485729
406281
145848
240659
192446
276916
422579
395164
418892
336181
72920
358701
243145
196167
488024
191991
403299
254030
149549
244465
404938
499982
399097
459721
460162
489341
19120
77643
216964
200852
433175
31063
289106
124665
250684
374932
477768
324650
481025
208266
234417
21084
190260
450441
368875
408320
477720
392951
241227
433964
5273
274892
50621
96476
216886
122248
39815
496896
313894
363723
370787
92619
412006
449207
300605
96466
346684
136102
206072
319541
195103
70756
215331
289088
478365
58721
315141
139863
60437
154
36164
344554
179967
73424
470035
339410
167178
140560
426703
223966
106934
163267
203163
91918
69134
330107
68392
52105
394509
389031
400442
8051
452213
326558
162158
226570
208908
395969
243893
436056
267101
333730
82696
76767
160403
72617
233255
394678
373517
267075
191573
201837
303767
497855
346410
59181
395432
247672
164118
397136
318658
331595
4808
484831
478675
194348
363193
180144
34301
84020
354321
317764
312254
261739
153060
426704
422198
267252
3678
155311
379943
233855
68662
152530
442122
498243
428454
213790
195740
138421
112637
197192
307443
486849
218379
243122
365661
299508
161431
215916
375621
258465
6182
405145
337187
214113
32497
42236
492290
141183
210099
296536
265749
123002
5226
109945
338881
394250
188820
71413
164602
320544
451004
240076
234264
478005
4855
86303
84719
238315
476269
303626
96364
105636
318044
41603
70317
178821
380860
29756
64597
335849
355844
288254
401204
47999
420530
59867
481038
11225
230718
386986
207562
25677
120504
34088
463026
399607
214566
202017
282475
371871
326282
361826
8852
242581
223684
95467
424514
317084
354576
262072
353665
76087
259474
376932
309902
215538
493560
60439
101112
301666
186178
207877
254991
61363
35085
260866
210139
192501
112013
451311
195141
368564
14015
496327
378069
485775
75777
251096
482722
110898
282513
189145
391609
93195
17836
496280
124350
409207
276390
81366
27478
318823
14260
28840
73252
58637
78916
61582
474506
274909
282931
88131
152380
209339
475450
368070
210618
413449
230576
423628
193675
498947
207997
424081
337671
134153
252120
96649
153148
388265
396309
213769
375421
300716
279539
416989
403969
373439
486322
433070
19771
325829
484078
63343
158751
36439
302213
488421
62598
221114
404278
342028
32746
48843
15053
336975
21980
305648
430819
199764
56208
459912
331788
144210
490010
558
447076
322930
439724
401730
442097
159081
206877
22882
449215
34621
241489
176804
324032
434290
241788
3587
110451
398913
224018
419966
112937
486551
3077
255209
136048
407811
301738
317158
453492
477388
116375
423939
357755
315171
115029
181335
43511
221330
32437
193559
130831
371194
218021
475612
276349
431797
411083
247422
10631
291871
110163
61186
398558
323895
136105
439705
179155
313459
101104
4950
396238
55684
352740
37880
77484
143233
361228
187034
413786
85004
497793
260699
196292
6377
365021
287243
168668
432933
179612
345833
143394
258617
84494
312155
304440
128384
367487
271857
82241
383060
66711
255850
150610
323278
51250
451096
42296
302208
247456
312207
184670
464778
351634
371895
19873
440993
353051
357618
448863
88023
290296
217969
67498
263834
77405
4251
153027
256736
255374
364952
355725
91978
22910
205117
15151
65360
416270
31771
181649
464123
182820
371689
289976
211740
56916
127248
53699
171231
17299
79653
453810
932
199997
206472
177859
257347
154676
250029
285061
175844
96925
399611
333401
153140
159538
246982
338921
233748
134627
493464
28664
235840
279054
29830
410684
28999
154943
494386
139715
290506
125368
252232
484750
472314
458480
197891
426542
490608
119832
370583
116368
475548
414950
377549
71397
9828
483263
118865
122425
287341
114389
155236
492731
16636
212526
325603
390156
465230
268523
150739
360557
424174
60794
121554
466818
213634
126202
475240
195995
445802
231223
244026
471903
222489
57
438261
420696
353496
124018
498495
447626
401545
285183
26096
315142
311949
319862
97716
57132
262419
272251
23733
298227
252828
497365
495211
39192
59219
436837
400641
63995
257835
149348
255686
404055
102451
462970
259834
144650
337125
489704
251281
422910
475877
443612
175098
362527
231969
389705
76085
463092
237269
351708
496173
9912
331281
183650
143278
385678
340152
419373
388870
468872
381574
343104
283247
283605
123501
60939
113189
345309
184243
32011
139225
356254
45329
298488
150227
261450
324413
251548
13864
435088
153999
350367
495425
129948
129295
72398
399143
435478
465620
466576
476210
332617
54871
326866
203957
372263
119880
143558
20150
488684
333279
443054
4484
233755
81167
380427
177483
71113
157050
287817
199428
412450
308566
66968
467651
391571
241992
214349
320934
10321
329675
442505
398052
214954
277430
316126
93118
202168
147267
1140
415812
3858
158906
245549
355141
210721
23571
163207
492030
363422
431263
130840
51290
169038
471699
443964
257188
442291
197759
280634
50355
244603
138277
196097
350469
384088
172876
301046
392388
328034
315062
7792
446603
380957
313451
314163
116827
216898
216382
202596
425620
247020
180946
251894
341151
88899
279482
472491
3265
31851
21820
405014
161348
54539
89059
71203
227901
104560
367705
196022
167948
346251
346074
408715
287165
464074
360561
496792
109443
157515
465892
260315
443266
234755
35336
408295
333043
476543
85701
40083
475860
416440
342716
109140
219547
473725
330859
294910
143179
409929
240588
20583
159461
75002
429317
227568
159867
138977
156957
495745
297155
55709
277794
45003
272912
35320
469562
8515
193406
139163
497990
406819
450753
158865
215116
79123
105757
82292
218484
213761
179749
272395
143722
467853
420633
103389
127815
319284
117214
425890
417117
477024
421063
385395
300399
395165
65960
38185
229304
360754
53722
266829
81700
335501
434398
441885
325914
109500
279426
247686
224749
240461
440773
471476
158055
467568
434993
263971
493694
230355
382729
413141
333864
436458
284630
483709
308157
28054
117332
124119
92389
370445
362587
290925
58162
54279
10723
180720
496696
74576
399024
122774
398484
50943
155475
360947
178271
43225
11616
275177
396597
344569
110561
133466
387415
242846
438122
428798
121262
267823
416510
36117
282422
310750
351628
31699
410356
362900
27255
143796
489253
114197
22669
184829
6593
374319
81357
352169
358482
162537
112855
404723
491259
332178
131572
59309
291841
332677
91673
321052
333631
93875
468805
443283
343481
318221
413330
141839
164347
236813
95910
375152
142824
475988
264383
347611
222984
51812
352248
255726
369993
360674
87585
431332
362362
232136
433656
212956
387229
64911
409924
496292
40750
325921
328057
40248
398685
433321
338398
480304
496230
451331
83087
427198
397190
457725
230753
224385
482695
378467
233302
449138
446261
96534
191820
422885
229214
316071
47418
377395
446010
357968
346402
404762
394609
8635
272562
4539
280035
472905
33676
211654
358442
253264
281628
53777
371347
116920
169683
37971
50476
285036
231643
355049
258591
402201
188026
53345
107200
28780
89949
141919
427961
26059
461358
300020
488932
453034
214097
228986
389432
405216
408454
32324
17671
278206
404856
135052
444732
113992
179267
194592
295866
47483
456802
324850
358145
206028
55475
127942
116549
375536
371969
273758
153863
190679
103390
196115
191426
394069
254323
8353
63846
214951
5790
307486
307450
454184
435494
23939
288521
355392
1665
58200
464324
151518
325573
299869
379645
253305
197851
494033
28153
29270
429400
360212
214826
466013
472554
119795
483909
269465
392126
140269
80437
186826
411484
123340
417013
232136
434896
342429
239879
411394
145208
361510
136363
111081
435260
442170
183523
327345
367397
410548
449678
99718
167955
433403
140572
398943
212874
168930
496724
90518
325709
22691
397378
128571
304000
60846
161579
475096
373692
352291
478561
386511
242847
381069
267026
53490
230544
388153
153599
33752
181259
158627
202480
359309
108219
407162
185279
278354
319348
296319
334704
365499
165558
374859
74406
327925
85796
453950
237057
306987
386059
27289
248915
77828
161965
489052
256858
146098
200045
161152
363387
365612
382929
452942
347979
1897
12218
365740
118498
40232
134388
286591
18492
37803
148857
219802
18835
16711
462591
56345
463766
260776
408928
377714
74223
303992
174934
215323
397081
454052
72287
31978
296813
107484
454468
475032
23711
25194
319389
54058
140378
321508
452557
237888
237004
316504
257991
234429
289590
113302
322901
346353
334197
347435
255177
31108
7064
21638
279061
335135
373978
454395
313499
384325
145264
322020
330127
121826
471620
309151
109363
407977
267081
436008
337219
336069
99729
411368
35815
131121
271775
129560
106440
308726
58516
372228
487596
407335
403776
51435
470596
163157
117438
293264
192251
403037
294468
433851
491898
228539
95771
421070
20981
233072
212358
487610
384298
329383
171578
104457
176934
324105
78527
33283
407153
478142
6059
263022
162705
328486
161727
484200
355245
129417
94179
40613
194911
175116
465701
460958
292833
141066
244706
371319
279983
249614
30806
85513
380905
95662
400413
216406
98144
151285
307151
141254
124670
426825
403818
115700
22208
24503
485298
274356
42585
175445
311142
484854
85297
360402
348334
174818
479749
252286
132583
319030
363652
226586
103161
1937
325586
257155
250277
92567
284577
155043
181390
316767
351787
316089
487665
325398
433851
121656
292181
208587
101010
165450
281764
28175
135199
440780
381988
151703
183412
441746
281274
481497
189604
144272
278298
318349
143197
254016
76785
1957
440117
285889
318893
282682
138823
112764
161955
203454
18331
285037
145833
395281
321717
370962
489385
425542
244595
423002
388288
464788
310951
498095
80982
146539
350964
99017
164699
356657
60889
194039
258285
20082
387512
294925
143311
295942
131734
185716
355034
150192
320349
457691
181902
285135
180413
314625
393621
255838
173980
301019
32322
139775
187383
259405
113810
448857
37915
342772
495942
457887
328816
384336
265891
430245
14439
389086
416915
114375
354137
420692
392416
22257
402618
330052
3801
467990
41922
301809
397889
468030
383626
329939
353294
456893
394012
120486
281630
215613
308414
399110
61254
247956
450106
74637
127648
306523
378318
92938
448441
147160
137390
293465
258099
86227
88172
197232
76577
417753
354423
245830
236425
111914
67884
237514
428951
358383
311849
284591
16241
162290
387599
90865
87277
262612
271250
237061
487607
238059
75346
111429
43499
345466
362388
170311
379546
282201
204077
393725
256474
495253
318139
248628
6799
473097
51867
229281
98778
218006
40185
479408
105122
170576
470439
246071
294110
225479
202032
176369
209013
262818
202097
404754
242194
109967
286407
173127
160005
454280
459727
459978
202378
358508
287582
479844
383459
111131
452736
491984
464031
368325
333253
448983
498277
395653
74519
347512
391850
426095
243485
141963
42759
208325
329496
282929
173119
442319
402993
466689
49403
37511
265260
471552
312765
240158
165974
207093
440385
48920
369015
133624
462931
305028
156197
14523
366780
228716
53154
78911
382867
223638
105739
204676
327760
142169
129521
234704
269137
368529
184673
182395
99559
81806
430129
9551
177080
94373
428590
149645
232487
354386
351972
23354
169476
8910
70396
109581
285700
403985
336591
463110
141746
152868
171793
304390
459710
465626
424182
239744
212716
276920
76693
271142
374043
494477
175184
51798
483974
99237
352243
312993
218603
210349
248807
256472
289795
389867
333549
422043
18622
75608
155614
236372
156689
389295
94235
3323
7675
170546
359958
88658
316929
166131
192270
323847
339254
119445
319034
419954
313731
50122
95523
144072
388249
50259
255486
102939
424515
2678
498168
400106
111512
235464
176406
74727
125805
253159
456840
118484
277003
236486
370249
433723
281963
214954
281829
490871
207799
106463
433011
461802
475619
198420
332455
97432
465240
149580
258133
385647
82792
182527
137121
146095
155706
61115
322132
249734
235015
335837
279391
2037
174101
280218
191140
38027
3190
480785
422514
282743
365747
89848
189900
186539
25987
260247
127591
41024
124017
73031
237039
38144
347712
249223
255927
368305
247047
387502
364601
12689
442208
430532
24138
1986
386821
481340
144075
322944
150997
245379
41723
464782
408259
282700
464221
260141
439779
69525
432786
278280
94116
311414
97655
471667
50162
333494
90777
12700
296716
430160
497508
261893
259894
464421
239716
225722
320160
120773
166697
143386
208414
414870
308353
15552
153499
215973
251372
20441
479559
29028
347707
75640
322776
12452
247484
286815
419280
219884
300297
131329
443465
164069
16538
222461
459270
446992
152683
131525
170285
461025
125583
381738
236225
355961
3510
51428
496256
15565
118620
258676
314119
361476
162263
152258
494185
362161
176182
374086
441761
127756
403980
324375
360603
224813
13601
142760
140441
290399
236776
151712
486179
325144
120511
238596
137765
366859
322477
466580
161437
186176
448577
381409
314088
18593
466006
256047
331844
61728
267566
13665
143071
362364
489739
201273
18037
313014
370204
148263
148706
29216
211289
278838
332215
85412
499999
101903
126206
310617
273311
224245
417069
138916
418682
391982
276313
435635
184571
404098
170201
387035
220580
124368
30580
496062
427067
222124
441277
438995
37106
269615
321393
482703
255269
180010
376763
273181
351961
419535
106774
407515
131950
152975
143445
420457
433305
37125
78941
192734
105500
48443
358964
114000
250763
444635
383907
36325
297846
437696
229972
481858
421085
247325
79774
380195
490358
440612
199826
264667
153626
451545
8242
24433
342123
409785
75503
383715
294040
405238
443654
93953
195796
12165
214310
366514
434312
235846
166972
425384
94363
183449
36081
57312
355545
498161
30169
23684
41249
47773
394466
75838
82138
56334
9111
255100
271084
26819
11945
454250
47443
34096
108013
437490
497365
485213
266585
19781
31188
287374
346282
442654
26689
377797
40727
92463
77196
253091
394314
460757
61260
118428
191658
77440
471993
209084
351317
201911
94482
393343
477152
338628
245085
417997
48563
96193
286748
220098
278969
398979
94926
2257
393574
105994
478680
267222
136568
327157
344025
337936
223776
20584
362798
169183
60176
470290
117240
105610
454130
176395
50992
426949
42176
365711
483033
356134
225372
217450
250743
229874
288762
116195
12151
330050
289932
403089
143327
170583
1233
104883
293132
13518
424717
446347
432066
208939
375174
309321
160619
402215
472618
92556
239845
400109
96178
315169
363574
143446
367406
244587
71010
162705
460961
167904
474545
240726
485650
462939
198579
69346
362231
492197
2741
424330
227941
44671
32766
398257
335153
131637
90215
388743
334765
118299
135421
486025
203509
448786
442854
154053
441858
400656
41750
325727
111398
396444
461052
378427
372445
236326
178422
297693
486763
374610
277461
313218
194815
303492
341817
82245
364577
80659
216829
75261
444543
4724
119257
194817
214949
387626
476322
158828
370874
233979
251709
174978
365587
76429
368637
383558
134925
208041
431453
81056
230259
82272
476912
468842
370771
404939
24352
308454
136954
111643
10139
166711
264455
407938
223817
267844
333832
145283
301715
314150
439198
296974
90482
409296
275340
115264
320404
285448
88087
184291
421863
44096
57099
491441
202889
330319
99936
81806
376186
436914
365675
327758
43629
167362
297471
417899
194252
31371
461824
25647
459820
117359
291997
398722
400241
318339
162405
36096
32493
47379
432006
476226
412492
230330
83598
249463
356452
230177
404286
317049
39838
92148
250592
336650
308493
18496
486491
377767
220038
361141
378758
225944
124599
417632
314395
148404
57293
480537
193007
143920
202228
151242
366218
231650
216316
463036
203698
98244
273236
28696
81235
166771
217963
2033
291436
161936
14900
314350
312648
328996
245154
157607
220723
318999
327576
368590
42901
390955
121403
39653
210628
103160
80793
404192
280079
114504
336237
444198
432906
245071
347976
45872
231436
184199
84275
203652
469204
80143
170082
124561
172830
220584
459668
76649
197191
152991
144927
378192
406424
43204
327783
426558
416418
176482
463861
459219
386530
115680
155453
156180
305050
251334
320403
22950
112409
265173
380049
477169
270219
327170
281663
29069
32657
374179
233004
427634
390272
343484
279360
271491
151685
231105
452215
81373
347158
102789
455734
461336
13689
115438
282527
302457
205015
305464
485014
441953
369652
145623
85308
327798
439939
257781
439479
99371
31641
344153
417559
188295
343123
20508
185850
169771
35516
230979
380434
237272
67290
400574
94572
111297
225536
17307
62208
366866
374145
162696
489998
159777
39789
299321
287444
297416
368660
407084
389348
211286
301428
315536
332451
63907
390546
120051
431365
458652
232682
275343
458186
128786
194918
391314
22711
163857
448969
374742
475624
478364
358356
262999
37369
443443
160483
393707
76658
421815
48878
413591
445131
149148
153072
64941
402457
33032
414701
187474
241633
197083
216151
161759
362376
323207
148238
59246
80838
330064
190499
355217
76126
201568
361697
103374
425494
314492
328665
142051
446015
434358
142324
451804
272707
284548
417761
499823
309443
42553
309592
74653
300894
249927
164846
42506
70026
138035
243168
206678
324462
244551
470462
218426
61068
178945
147714
75405
364071
219337
345383
325178
155252
87006
227521
11473
247852
464730
30183
131157
423665
197200
185495
52096
161166
454042
220772
29063
261742
75556
491424
80073
493562
28644
177407
229970
342123
46919
326093
124680
183079
467299
482056
90896
208565
229559
354117
284417
473284
356008
186985
275898
76601
158178
95199
292065
192922
209772
186087
268251
137246
398518
183337
257268
478398
203832
27380
194267
469451
183553
347267
479331
78506
136688
208564
28831
404760
478258
25285
22871
429216
346082
426893
202471
204962
441002
50723
99285
181602
116018
474262
403013
14182
397031
30864
42676
247912
303554
419208
217365
397101
422660
388493
301395
402997
45359
346398
462340
455312
120865
437633
210027
18315
180456
150210
171149
499804
202018
262456
466977
465505
279673
39195
248630
138040
93861
63193
321088
227140
343364
379733
20509
293782
81562
413705
12197
405345
100191
338690
203629
39962
438328
212657
484180
171324
117798
149231
403291
198727
15121
384618
179841
278870
457221
490815
384616
328962
68684
376632
240012
171458
414438
71578
478359
74758
493348
192023
384481
126585
362132
17678
311610
36455
232476
471658
125892
431667
2338
35113
81406
52993
455084
476845
433327
159170
141526
175495
176184
369992
394275
305516
178014
367562
289105
399643
32164
423095
27174
114759
165297
246780
236583
309879
301394
218416
329044
255616
39471
448710
339815
309418
254464
309110
303970
258570
366571
453760
57745
357437
7361
366866
124486
155366
171765
247320
341827
188243
147700
143932
269109
290405
118347
28324
366856
261555
252468
300922
135130
136296
234530
465215
303684
136886
142309
209258
449376
75484
311543
402468
446424
715
439057
86233
310417
423308
417931
96687
432567
47171
484349
131829
90433
176172
100983
18613
17578
445860
266245
84057
401743
467017
478479
251652
42976
176143
284807
224175
342535
387942
157868
274887
219298
379703
105454
453684
104247
488967
46002
38635
341180
414419
388633
334153
205828
393587
372020
461997
282826
421669
391021
357301
493693
183143
323639
11396
336370
373045
287483
407461
359761
153834
475944
235787
179857
318693
279495
4514
153721
480743
430695
417021
220637
481008
101897
160801
245501
395653
27617
483086
359956
446317
308732
31322
493007
285449
438414
407113
259483
183562
484036
25526
387784
295844
413727
325807
313578
267939
436943
491796
274221
270152
346132
84153
77345
370931
34515
351744
445210
252775
46446
1415
19551
425565
17724
205094
307147
361384
40565
253113
462948
397989
54684
96435
10145
382064
162562
233831
179731
185967
497818
249863
412131
139886
155016
159116
490236
89530
45263
40758
401318
392847
392743
153620
162961
477034
154273
336066
159711
20081
133771
52461
315377
424800
198054
484731
331404
122476
139018
123750
206997
88406
443391
36031
288050
257150
250755
190976
368576
465671
206234
134237
356516
119944
132497
393682
298851
138256
151246
467985
323843
63064
318732
117638
90869
13855
11419
499557
203696
375074
314664
60200
375329
108984
370189
400991
154383
176316
171447
151337
120294
53764
237744
397258
61408
281192
81142
52590
155493
249208
181454
96792
117497
247091
360048
194188
446544
405192
56547
485972
50407
337310
242725
395847
457861
458231
329411
339930
237526
423046
471542
277831
196747
298743
345560
364993
280926
468697
178205
293644
143454
469347
402133
482731
473549
144257
484114
305302
326679
429162
333030
82977
60861
250869
114275
181271
150874
36992
458952
432691
34973
38460
299569
291861
81332
417897
433089
79895
268678
282073
179553
363573
255977
434434
342805
297938
437466
2221
203910
220284
261935
280507
314918
274667
386489
96629
56689
237729
12861
332476
167687
451002
120575
340134
194918
112245
459933
256067
337209
317985
317039
37138
232385
24420
457102
241262
222067
23056
446948
455302
278281
145796
444244
446989
361312
413832
55919
377560
153267
457648
240263
41867
369407
236272
102944
9662
458651
443410
377155
496711
73089
167031
387996
453972
198571
110973
200920
132230
248493
258954
154591
57934
8065
118789
288037
8003
495864
235846
380281
392721
467088
434050
495228
108087
268078
74189
389249
452167
284930
265174
215225
157810
302140
482310
327732
294778
462917
73590
84862
418484
216658
453133
26446
45721
415446
254427
12311
19620
397795
231958
330729
113624
82556
170126
461152
205419
292902
68681
349159
152445
148345
141731
407265
143171
187498
306498
141847
137992
54007
50454
456391
358774
295417
346287
184242
247133
360014
477814
385896
188429
88548
160284
147853
118426
27844
497215
254940
114983
79382
430563
408545
97890
151343
10079
49911
63729
195783
377092
393438
347540
210099
470861
485516
76894
459677
336767
362049
70082
613
72404
491025
224772
88797
152190
326877
71593
120495
360861
63777
287207
183719
84721
408426
349891
368651
390592
255278
464850
233175
273773
390780
254416
437463
331557
366873
43084
479940
227025
239068
3987
23698
367084
429384
341569
161517
182770
478520
471542
314057
415632
323077
391803
20219
190045
207818
111315
134747
81882
171576
437646
62640
12125
424413
332115
12647
72944
289431
191011
171608
291194
93095
239121
348252
317695
76221
308362
19942
405373
453068
98409
164899
208226
233148
320107
253155
67178
132076
364679
142448
343782
205881
174356
44676
295984
194533
495751
68921
176885
290771
422750
15013
97917
296114
207082
191041
232603
62524
39208
478926
263189
355208
369574
356005
309552
422272
251612
18002
471628
40297
352749
369276
460643
81319
321649
261696
87698
466690
483379
299142
331690
309055
200316
305858
391186
490730
1995
7309
286815
18618
156661
93331
404509
207273
260455
276734
359244
213779
189227
190328
292387
100430
104570
249245
351142
345000
266869
51188
165105
185830
203144
5713
461524
124276
421538
434180
435000
95117
59433
324228
193086
202670
15451
216064
289863
23335
218520
190291
387462
131846
155320
32172
39749
15968
323340
481155
466021
60608
184730
481636
45108
69228
120165
80571
207559
425018
245348
206888
237457
7033
367423
150572
45478
183528
365143
272015
487554
134417
175265
138025
305025
415873
289380
283623
4038
215759
465255
270240
247259
235936
265727
84449
224604
374825
204918
227483
295630
243199
287464
301056
239022
42675
397248
327159
474487
388449
199304
403636
238037
434235
405082
232030
263627
144384
374086
369282
10048
248752
278871
485322
410017
35959
486013
101215
79412
333797
366250
283553
328775
248161
487880
423046
359065
195091
58455
270970
365020
148379
235526
319540
285890
389083
283483
350331
159795
406456
141988
155380
348142
33720
70133
52411
225665
186507
359327
210209
125219
301346
279586
444506
477445
99072
247367
392500
249087
62526
19139
64873
174864
2410
317562
138908
468521
201514
317436
481583
240396
442302
348761
457394
10016
367269
227313
39837
479512
128275
135457
456849
23174
265628
334103
421490
425543
283406
10355
496338
67302
465606
212383
194632
237391
334182
300560
422416
387038
372034
10082
106153
23280
390038
244095
250145
307663
222989
101229
319851
296577
421112
216502
435287
357813
148899
47629
178736
2444
223470
153334
81825
34009
492907
438070
319909
392033
480499
484717
263363
17219
133953
289821
54655
467927
332020
222089
138024
129715
334896
20887
458122
412087
240993
212568
239059
6522
83105
201313
478249
394040
423158
43567
137459
10276
395620
162125
99804
174621
327070
386406
303675
389586
109182
406427
164767
112892
287087
56499
195839
218297
434959
300291
87148
299542
276634
152786
467429
483900
271053
99644
472488
285766
206924
174813
137554
41309
287583
349255
67847
259954
249528
137429
226693
386537
415359
422780
393447
218708
366932
192576
81276
373281
340525
493262
415705
366241
181506
218751
250601
30216
286882
191834
275795
39383
248199
338337
122743
484312
486578
85031
279962
364473
275784
37375
257896
194895
341428
309188
60424
373751
42686
418414
277883
278408
142732
213669
499585
474806
201878
56713
72061
247805
146172
289014
2678
133570
335548
221532
326293
133994
101637
9772
437554
76821
387531
363170
129009
357583
221453
10301
154536
288706
76705
412858
76592
248793
275733
147794
478379
363773
83431
142859
473265
302625
425433
380219
251584
377801
46214
252666
218145
484267
244204
123714
463941
29379
183384
330138
286810
239305
220510
11559
179376
126332
241941
70
436262
210730
13679
226612
408639
243497
306604
92619
253438
338968
75553
259053
194751
240583
163268
148859
388217
8403
353520
37437
421473
486999
107421
99614
270996
295059
385613
75704
349212
373043
87198
68655
457736
138817
125407
134114
57221
150683
132755
88101
433527
200215
718
136531
69605
154312
449426
371662
435365
316035
213639
437435
722
210153
122901
379034
441320
297459
232711
305367
281291
427277
471013
383793
495945
291335
457058
108459
37396
136316
353797
201728
213493
161139
56170
116559
294365
79651
436222
179358
138558
217259
489490
27163
371481
130871
289267
390704
211871
45076
466729
95122
353553
212728
147558
360253
166248
163252
280675
57073
461012
193414
280004
211152
453721
365215
311502
210276
493777
199453
78851
5395
425312
426577
181599
422364
418865
248257
420747
96576
184300
35078
73832
330783
61548
399620
118044
358660
99816
210470
103152
480717
265765
81886
394473
420935
24194
274751
435368
402506
46419
405463
77932
145560
210526
16102
452266
154821
351405
69660
130954
187979
174249
118311
384728
205903
289806
412075
424248
377715
199734
293737
23917
376510
399084
179849
382363
343447
180671
24854
383617
403664
205741
406228
273421
241900
455140
1793
341032
390070
364617
214430
84066
211764
429648
259163
176186
419582
491932
438068
94836
442432
35520
159992
315612
154859
23024
346517
405362
478888
10532
66925
252606
263319
300631
288553
124115
45135
167717
62934
206393
128674
382553
246942
304559
251417
428555
460976
3496
123011
371014
96455
146226
373177
199198
67420
326184
448468
184248
106687
138076
422448
436256
251281
201329
72191
28916
108496
426425
414604
403701
276579
82572
50137
27183
476921
118093
100455
54830
144644
89747
15927
336222
150147
150167
54306
373874
71348
396926
84798
235908
445918
89137
318207
75366
81596
125767
489433
14390
326950
149791
467388
483405
60455
386097
479696
70510
135009
412567
5757
418953
85272
274673
129457
125012
97370
147800
271222
394625
262530
338520
305005
369559
11809
196163
267037
169209
432415
118902
159842
79506
310074
77670
13482
459763
329174
299414
88133
301128
89005
131101
193870
266668
324384
452405
219944
464082
33715
166219
142850
189668
360925
328837
42816
210965
81599
267768
439458
209015
433967
441282
77672
334910
377283
124275
357148
123640
83028
202187
468327
174142
89437
74846
98877
404031
90098
251416
300623
304195
417940
265886
331557
447508
339107
62214
353642
314245
473400
393616
278202
276473
104338
418310
14374
209267
177440
472405
479818
360668
55240
139037
358206
304539
470951
492081
388835
345132
301829
314194
2159
94815
436159
197460
275541
427391
364171
89660
60868
216707
338459
224066
68715
131823
10601
398005
45793
277960
196286
192874
424303
383314
242430
101950
225633
123755
476469
329949
355754
127269
426309
210675
251351
75210
75886
345453
21152
170821
166266
59952
230689
438864
352781
14905
330014
249039
385124
53517
18427
20586
191435
10853
199360
378035
396337
86778
119377
349011
102538
492244
244736
258862
70270
55972
305100
234603
125389
184388
473884
316534
74334
487843
302643
127873
231781
316294
245963
200927
272313
371965
119829
119002
451243
301919
417571
243851
191450
288249
421478
101215
442587
379443
352299
158705
97314
242921
388568
228359
188828
413602
57882
370005
241280
122966
402826
383227
447528
197344
110446
472896
107769
105659
193527
98509
371104
462350
75645
415898
320293
125872
321059
12535
388490
252362
208729
122462
139793
143311
291008
27973
182862
134226
427039
136009
269179
148044
161877
311791
253879
347248
368892
410269
17013
484371
70271
352210
198899
134635
152417
79290
253498
400784
32675
256807
265916
101287
429601
369410
342686
71359
25481
114621
88322
285583
476793
220373
279472
436910
57655
321519
286766
211013
59839
60962
344018
407305
496990
175169
55788
345795
420508
268178
226195
418696
245585
22802
386226
302330
53784
403512
469248
117325
292950
10109
410878
180842
34022
252721
70271
350234
387153
483891
23015
375084
343710
89467
253576
293934
408199
202643
413966
116100
7940
242782
142486
157889
361804
428791
224067
195065
150750
367255
179850
231907
147596
475859
424308
320762
68929
41552
382944
72581
378728
420030
132056
266969
148142
17885
136143
302831
114
262007
287939
86612
330509
265177
88121
327126
95479
202661
8352
53156
488956
334012
429342
133110
491687
322247
61978
273890
285787
335149
229143
499794
398923
174311
45148
5165
47522
391593
213193
331344
316763
279316
181252
274157
379771
333380
471572
215103
274197
165558
72051
193651
420629
116993
29463
205319
7829
376274
50654
150655
447097
34216
429714
487967
164273
13956
205842
201509
310072
134052
193408
170561
453556
435877
247058
368237
4210
142603
366674
490319
143297
485459
350677
157501
468993
430865
194624
38295
101117
302024
42577
158303
455948
225522
387527
223908
441396
184604
175308
6791
474691
174889
242528
53041
390974
297245
364717
409848
157328
64918
261605
32511
22879
291633
457680
424147
348586
190893
217755
132181
258194
308747
466144
425337
154686
251263
158102
401572
63990
380587
14315
142514
97864
318890
398474
328579
44735
325866
465861
396525
161382
410049
287589
198884
223045
268055
427001
151854
333151
337501
288046
66337
179602
9080
272283
35595
422296
237065
373159
495590
108958
143776
14480
265348
34546
286174
84485
16927
76156
283607
32519
21902
280976
153985
322998
23175
119453
238573
448981
19535
2883
43831
226401
428534
163589
331311
9389
159590
300961
218092
213021
7598
50295
221962
254870
262524
317163
291988
193426
322071
177692
211749
262917
393974
470291
303497
119268
495955
434903
66378
188802
386671
64556
47784
289146
341549
19769
71447
75995
35197
375892
481784
116617
32039
27234
110094
91650
52339
179288
21837
407134
262982
36137
290868
384136
446861
23025
397237
469275
188298
185037
262773
215202
180539
256100
240958
212831
47104
241164
459953
280521
366406
364714
287551
159310
33079
483711
498918
111756
19594
215100
323211
267950
290949
364280
228034
173156
101572
364093
419595
310055
375103
207188
419662
474947
14080
144688
247118
475278
134020
29055
386914
329791
375492
382442
464650
308960
136050
199486
459156
361412
16796
206889
86557
207088
187519
106254
484898
181223
453452
484101
59784
347709
340306
389925
345406
48250
9669
468157
96035
324392
447863
178096
11469
279917
101880
212721
82777
28957
288969
244104
495520
201861
392045
391198
77619
337062
203674
46838
197540
357330
92715
249805
212403
293997
319642
133799
491960
478857
332716
7089
149203
285118
464182
60216
498959
303633
377971
336407
223309
369200
195249
263548
172727
162703
253131
264783
447259
341407
63288
105331
224389
280436
128150
447236
184291
294564
474863
112367
263811
439295
456194
103347
361235
463642
279434
336745
441601
227810
74123
313715
38269
391623
97307
50565
120586
83135
235072
283238
259516
422573
455461
455393
462624
103228
37148
209038
270079
68897
217178
480412
41595
217254
430946
298766
489851
38493
92434
430196
977
26615
434792
350572
368738
455610
86576
265895
22798
428098
176505
331837
462596
433366
183911
409131
7180
85853
394180
480762
498322
5412
255612
146250
324863
3532
213940
203381
286722
369455
106817
105896
261748
436354
437298
460494
244537
148794
345130
179289
469195
316760
26859
182578
147404
121508
24166
329963
6725
264841
324296
151249
116391
489040
350619
55486
34781
429146
253470
183449
100459
261037
10202
491959
465119
374792
193462
321625
490979
382025
298909
355834
234387
334735
307876
458435
329326
128249
323955
218454
307101
58492
431365
137015
373751
365693
281585
246336
354805
370126
247564
168014
115933
80838
172510
329713
302945
416749
27170
408563
62159
24611
184390
374077
68632
327762
15517
449497
346416
449063
161319
251714
24108
105393
352611
270418
273709
303499
357884
330848
306518
283075
71616
399105
348035
245647
372047
167885
32405
391603
57041
201951
117691
86090
423477
177487
56570
40148
226144
43802
479286
234451
123306
76175
70118
392794
355986
486108
269169
482881
173599
142894
423195
58216
419362
36356
312656
431406
488030
256105
122876
98847
145601
329964
219317
313244
119945
479206
130461
210042
70057
115971
39227
138182
48984
71650
188311
98819
323247
224221
177236
199128
166050
268078
396631
493128
101015
137199
228688
321263
106085
416477
221727
410776
478566
464667
34278
202560
267951
214136
417197
358925
137403
415669
215992
395808
51556
37572
8993
346678
81757
331965
353684
57442
395349
214208
399160
464301
243127
495285
90858
140241
54505
455554
160740
341047
281563
68180
457721
288279
233627
321781
399405
445040
159662
253496
354603
215051
129543
251230
205495
68567
200119
417763
243888
211110
365363
288855
301450
90315
354897
14223
460158
454902
464965
337463
62629
449214
260417
237682
431711
277974
273819
161930
198117
499970
446760
59119
394589
193795
57958
420438
40554
357586
314762
17937
495570
134155
300467
40293
287873
372978
39364
150281
311730
415378
416454
6497
221084
246879
400439
114428
132512
467891
449366
35382
100979
352915
371033
276556
73662
324717
89772
429715
329539
182251
180363
153045
104268
493561
124608
296477
201481
253683
167844
446286
66311
485071
449288
356888
172007
187769
451579
214969
68324
409815
185542
493741
375010
145598
456017
50750
165403
51883
43077
332121
220567
216657
50037
384608
439088
452347
394088
184073
22803
396392
81222
193193
344214
418594
399591
320359
473852
497567
244646
144739
190076
237797
220727
348779
243277
455184
453485
69344
164073
179257
77038
399120
253675
365161
469602
198128
23197
380922
391371
470570
208381
481733
418158
423179
208982
496638
1198
458579
383120
53624
484051
272161
46982
486539
279287
368628
235090
201394
442876
224106
193124
351591
343982
132896
106141
120209
406588
334181
147783
601
121971
79588
197604
369875
314541
126156
462093
5727
3197
424390
453447
417368
474085
496421
396462
439316
398139
270951
454222
416665
13260
115647
374680
239940
68226
100847
200779
288526
183749
425677
61036
456259
432728
468237
253341
439180
188890
260705
291241
69318
12551
237540
41336
417194
464167
8313
417540
429316
137976
277133
299828
276228
125130
228934
260207
30680
480114
327035
52202
481843
410172
33987
474365
8026
425376
308091
333005
90154
424414
400454
276306
447698
273452
28606
14061
342933
311518
247416
143362
260372
155591
117612
68369
9355
190305
296818
116134
418710
125776
176894
293466
300143
384565
58403
286585
481120
299229
117363
499241
215913
211173
140397
215199
452865
448934
308618
478368
447456
427840
423037
220472
472178
206704
457355
253995
74686
294402
222293
457269
453803
499383
396687
488081
212735
307580
366927
156074
88346
316751
155345
362032
412353
404612
498060
352188
2036
227092
4434
316683
124097
259254
466675
50844
132159
61121
352153
433041
229630
481636
17962
305551
382604
10464
253731
102870
496027
280685
454997
291515
377151
158862
234870
402801
83193
157989
142378
185091
84842
96098
312954
471391
146517
280378
250269
320923
37274
215621
418453
245911
400920
468085
11464
30983
332489
293834
238054
210967
381465
66004
438994
221291
143576
239473
472609
490636
97144
62641
148850
325423
471294
469280
227547
125179
70562
369684
106277
300888
156118
26510
446061
418097
211088
45709
299210
310081
77680
299813
264748
36598
350793
298648
304995
280648
7319
183840
498767
60376
216551
309468
483484
28205
276276
141375
247881
277176
162466
344310
17157
58203
245735
200499
334999
3592
385552
104662
417591
494074
495851
167006
117105
159362
436537
335237
44001
69363
388638
380671
494654
388135
386584
29164
435850
226803
457156
291536
430099
374482
243758
423296
368837
254014
294763
432966
225751
329880
54185
462439
147607
103692
395440
76371
86819
14840
155002
481722
166508
390937
108943
17076
448598
144607
421608
41123
143934
473425
109308
353218
245276
318331
6955
207510
117721
395272
62659
211803
22635
134952
475163
431779
158815
170867
435429
409059
82345
385908
87606
76322
364570
88814
91618
488134
387064
34416
385089
326366
472636
256163
279772
354324
252931
495224
455760
305986
30082
243699
185294
79809
279406
79507
76761
262299
160340
219849
32087
213738
343589
240654
426774
289843
243014
383627
301217
202359
126668
71702
95262
51467
163528
313758
251242
126505
244901
182951
293728
457781
169190
213563
197542
326974
221898
495595
276035
139037
198543
302079
414776
363851
17520
12205
56466
479184
302324
289208
333074
468370
18693
148236
223673
421977
445473
219728
90103
196861
47734
291418
158507
129718
225650
183928
268044
178529
145229
493922
142041
337927
37169
79224
189491
463247
213601
51210
169416
69614
485701
456548
17591
367206
97010
371502
123427
138748
282686
255097
313266
399968
488011
83743
254640
377685
465037
318824
248082
49035
124005
9099
210623
252202
441892
319136
274981
281352
429833
150287
29391
445848
452337
85077
85258
153974
371376
243010
327992
31783
190419
84764
315936
147828
396295
84420
32120
333555
69432
197762
47657
411938
392738
310194
56151
195775
265202
290814
358262
373495
371789
67686
449417
295244
274394
84357
11546
260297
236558
17614
268304
374751
190227
396758
27649
136220
38308
220575
203037
293691
322661
467730
184187
205039
378148
423111
42066
195875
290223
78530
275120
61788
12773
145336
153104
79539
22496
405970
286881
74703
485735
119551
162353
19628
332034
233214
480927
117061
154229
435267
308202
379421
499578
382499
93161
370277
405335
268647
90975
219018
223987
273032
306874
340086
259107
410173
397934
383841
332893
361916
13007
64117
459717
117388
108058
462732
38314
83269
346567
104958
288438
384433
107137
450704
371824
238829
367726
56551
176818
433808
458716
287323
379462
93707
485998
166136
153406
83376
440342
397058
461633
177189
450782
400915
143453
434721
82905
352171
56224
483132
212166
158823
170981
494379
58348
239779
166417
425625
94781
397766
494533
354152
448476
101928
187791
26342
17913
105948
435821
246081
98173
160542
58093
408250
2455
134581
346325
226293
242431
137017
208675
144017
371953
480111
114594
166958
460023
40725
14643
156854
86712
499698
382530
84242
374692
11200
427173
383398
392596
44275
463014
145330
495536
56186
253993
175521
253588
496362
150703
351321
14921
313281
170533
221996
323699
451775
292404
354735
487272
393666
135789
353549
94277
169087
159228
33294
191418
211010
239604
425545
483277
100260
311982
313804
14960
463620
493080
276393
75250
21127
113743
305777
153103
211067
177029
356117
373624
395158
204355
70719
484971
458822
136908
164678
38853
267421
343549
134577
206576
473329
184050
181657
459468
78239
392528
355973
407730
402291
373446
283396
303603
112929
287360
416190
378458
369764
8954
332325
266728
438333
325719
103304
314327
250143
217203
31625
345107
240523
47057
203459
460572
267886
156736
356404
41145
398526
208306
55997
478878
494269
15766
363696
77507
442912
150381
264194
105073
161771
120265
336154
105499
467386
373212
329994
345547
170143
391462
16062
313147
383746
131591
137513
199501
165773
461917
23386
112360
85542
60081
178366
279925
245475
474204
383875
145275
458672
300148
153907
462726
376754
361217
7883
421369
120097
139119
248601
326720
87538
59067
178368
327854
400072
91545
441408
381738
12575
124135
257922
216760
206483
450133
153824
355861
478001
273822
99904
392284
79352
22687
208596
172063
351437
215084
315534
93384
291672
273973
307068
300948
98210
42673
452171
315114
17388
447632
479282
359848
81300
41645
268814
180935
192476
249053
152189
294805
243965
19290
396446
3082
116121
266832
176146
321498
162419
390889
245260
350292
332182
456293
224266
236475
357251
394192
233314
480511
339943
109227
136314
280763
238863
413183
20841
332942
419982
154068
29473
256628
374771
260024
482854
273298
168723
225866
299462
89231
111938
469948
286841
53696
196704
204176
143333
353184
245332
128951
307208
259141
51176
367322
382888
442419
365249
324150
85937
401108
100778
332020
34514
428973
487676
222999
287847
122946
59427
256668
33083
478493
330388
299342
466087
450109
188950
448931
369599
426480
172865
431305
474908
196856
118387
42649
406939
417331
425103
271425
489238
44008
441217
40689
53518
412210
420316
210228
419783
315531
365339
459963
273978
175387
31297
230125
400295
27471
19847
344385
391201
444625
142098
245162
272709
465595
348804
200304
76557
239226
457947
376214
297839
419924
323627
435447
296490
76381
169419
27662
337280
426297
93954
219650
59055
114450
317757
447811
52245
357807
376825
102701
206164
79707
398921
313173
439690
379679
309171
235624
52048
430390
57351
256794
352571
12670
351300
331014
162235
119807
430183
265263
297073
85510
5594
88372
495861
169011
231266
89441
136489
82731
171883
115459
158970
480402
426684
307465
147719
173656
435113
281107
444059
93707
73727
213305
240748
215262
30352
442448
2210
301997
356357
447341
448708
354490
272280
217011
441572
374367
322393
180640
409165
28099
52582
301297
342673
37514
164702
115564
93826
53355
127575
16820
181132
411312
232910
441780
235862
219594
498049
34899
499065
161774
462071
224236
212231
2748
220953
478218
52356
460380
75917
392354
434109
79363
320674
71205
11105
104833
107437
150235
90801
186285
365263
496787
88321
44277
338797
317147
470517
395823
66868
469971
158357
27795
370721
83537
97833
101900
204099
134139
358184
459262
79211
283800
104311
20265
392056
245299
22545
88490
103850
263752
169094
159695
66942
329762
130356
245247
305123
233781
230329
459461
153342
415718
321878
371495
275479
35785
28601
90655
438885
47925
69553
253693
370045
219025
25158
421684
107944
347926
330943
329403
151755
451617
384999
493257
479492
257358
25024
157724
492612
104564
335207
344546
85362
214819
293636
199931
142986
184845
225709
121363
268485
359106
32488
11534
458228
424744
289019
68422
207993
80990
491473
291958
276282
864
257483
86064
170857
269813
478094
80681
183661
498565
196479
344400
471992
143166
21728
95241
291246
331302
51094
172057
291810
479058
266748
69650
72427
403208
321699
176441
264645
227977
56191
213900
316599
367714
102438
51139
321689
85947
77081
496603
16879
113545
342906
373810
313583
324097
247909
311554
297608
156895
148374
105365
444678
468128
422243
377471
95712
427709
272506
386253
144176
432870
138418
3475
49505
5011
167493
223973
394964
441879
226029
433897
396143
169604
485255
19811
472116
394335
436368
446818
142713
366872
303913
114909
75393
75200
365924
50405
27708
326534
227596
239372
22221
53260
6270
57508
398360
470790
15158
447008
76667
206952
162809
335650
194711
378397
223856
209458
134557
298307
148552
295540
4939
259181
455990
344237
228375
162660
417119
346954
496136
293846
190149
111507
430765
34615
32112
289515
412239
130490
44358
120843
222413
467264
38545
28209
331316
236866
87695
284624
396342
122410
332110
26024
131326
282307
219666
327644
489671
470208
184981
18722
457005
183650
186152
151003
211376
469442
354279
151796
199408
139001
63350
231379
414464
8976
19213
250160
96513
103296
411747
19947
466713
163621
478508
211457
469934
158451
17898
301164
167778
173128
395664
472213
134154
392234
334974
198025
237675
353870
185529
465792
152242
401312
457606
162286
230774
144870
300273
256558
224907
253
313922
142536
221710
13564
443481
481708
26199
254012
199474
180585
294508
415149
269447
153111
5982
93173
481400
52490
78117
374160
193999
29430
203779
356117
327301
116623
195508
35826
194585
300565
167269
376439
77522
253082
412070
374644
2295
213327
19035
228992
458935
427709
157799
399799
364617
480804
498126
496393
27283
153784
438547
205914
152821
378791
93515
82843
375548
39016
127606
216117
381177
14576
171188
411761
321886
362616
471694
482330
370659
476869
284486
14460
409319
149708
276913
401308
86533
463531
417801
427443
138450
367433
447065
233424
30217
116993
36415
234745
224623
400129
403829
109183
423580
336482
274277
175044
44356
82676
289327
411098
230309
446341
385873
257445
83397
306769
351429
217794
341758
200312
287809
63036
72179
491466
340274
3498
112611
482635
121666
666
159717
20877
481436
404178
40420
110771
481281
336792
130060
463355
429189
106464
120360
492827
489964
95259
245744
416633
108440
293674
273313
200073
229118
173136
348036
83128
395224
234451
422279
370985
98407
403445
134315
199410
214968
469443
224893
168014
29655
219968
125635
252736
433896
400242
385095
31762
11732
292153
107597
118034
129441
87908
112584
291110
322961
123166
187207
383042
222692
420441
20382
252380
482793
460000
214290
79830
452852
398446
99222
422920
297914
237245
176867
39061
460090
100480
424934
333663
90508
282377
480286
39513
261362
489608
462805
166643
245527
40556
242469
109196
462547
28047
355451
443745
481689
125911
420647
181303
409031
335563
134598
358949
32408
81450
294059
248950
175316
409472
498659
400485
69941
133647
491056
60539
462410
20116
87138
475158
332422
93003
40044
96570
240813
150665
219263
325578
218214
78672
281241
204028
133224
215289
20355
496477
204441
331284
332776
125254
108468
87752
172212
347682
411367
139093
17375
297320
130280
216745
483542
481931
80370
171530
431184
207868
100862
399811
292041
361161
131031
164651
209208
86094
6065
87323
494009
316134
394667
300171
492756
356585
436442
468107
19410
477680
98208
9611
71269
304279
350547
413025
230854
256064
236613
426488
128372
426811
298759
364904
406759
102646
260894
404234
418660
477985
331748
434815
488239
3233
448998
201585
444784
160851
401973
301073
370177
416679
424478
193445
148830
272401
130578
340094
388873
32695
464312
435110
207678
351035
493698
446506
422210
350358
223283
428559
435481
373900
145042
105299
379601
476136
42160
359589
485419
437309
49071
168197
484680
224007
339502
259413
89028
451030
364201
60147
265681
78
297220
141878
369157
47446
60835
279720
319648
456451
41023
491559
206131
289703
120372
6096
444999
6862
442238
413984
453603
220154
29417
438400
34235
1094
295768
430966
304832
422027
105856
321879
50393
271452
341391
229701
305607
356871
125238
364526
264938
184963
146687
39315
449006
232232
272233
432872
283489
49128
134816
2156
168815
105347
96007
234389
73055
204067
306470
120809
426899
266229
124138
6317
132432
346517
260292
196024
30059
487501
27968
94601
446058
20422
34727
117221
60677
333910
44685
189880
114787
368834
451340
64140
33626
195895
98340
18264
1967
415747
243327
20740
446948
149969
296787
127893
170411
156280
246920
446938
115688
497102
9624
247318
78592
367589
17395
300716
349544
418394
295223
361500
456278
499216
43516
469237
419563
389639
403451
266208
34229
417787
143027
225412
104534
420713
359655
444404
261664
29440
36764
354248
126440
287830
28965
432440
356830
41653
36477
427304
186556
95107
268999
21543
319401
456927
5001
159434
290837
26677
91750
161482
307911
181634
128787
362460
37037
102684
58237
132126
126198
398214
360506
449456
185214
296655
210250
412897
12783
53373
118760
344130
244633
472195
152827
50497
343276
427133
337982
476464
285575
449811
187447
292559
432834
236263
450815
437073
373613
152654
257668
122928
117238
481303
484732
109617
184714
27030
203403
103374
369657
308535
186805
374517
493195
92558
177250
50634
137515
159094
126438
33801
154850
387038
423527
45963
445004
315575
366446
298521
258520
145582
298773
187340
344075
420438
115122
126924
332223
292952
148952
256804
297498
127331
441567
182541
40248
94581
74416
287392
71744
10516
141858
363445
60292
294128
409238
262057
47718
281359
68196
235669
195371
89784
345597
401956
133395
161838
125937
80118
31485
417730
399741
327692
281391
23346
406819
301740
345425
110124
347479
185941
467808
135758
126158
406292
42594
238078
31585
87896
215931
244088
403091
222900
115685
253176
5135
287105
1189
221986
149661
376489
366252
11921
310158
423442
136025
249112
338043
399637
141888
386356
93000
178393
72147
265804
260005
127236
76264
297617
462900
100596
462444
96850
317530
393435
49858
314512
370365
348023
491202
265470
103916
57431
494968
153201
327644
57827
2309
473547
257244
185249
258347
405190
318259
213938
97401
382966
252295
298590
158928
461733
5897
429238
174694
102123
275083
381982
33417
204960
272444
22479
385268
318036
476683
323755
175403
419776
333909
391772
69267
302475
377939
254725
355101
388679
464945
482578
90208
28754
449062
463311
30077
97995
39465
435378
322203
111279
67934
181741
495342
74556
330902
159150
178713
287099
96294
49323
189240
214761
390463
7783
365378
415681
315096
453031
462619
278686
374682
138125
364305
132317
131125
318547
42730
235365
428283
338405
125582
253747
423983
93907
290026
86624
460888
378133
312241
331811
400721
476596
58298
202817
495725
37615
138805
108819
381682
371783
284955
391582
405002
438802
407212
472290
152632
145050
361016
11116
43949
420171
293500
277866
190392
239484
4066
187361
266873
287582
480616
164512
471246
298680
207374
492413
402013
419002
124872
360733
192048
39394
162916
169021
314164
321994
53139
489696
441922
40587
8372
28178
29160
131541
267942
358467
214102
374837
298216
66908
403395
295305
353106
308513
138058
341295
83375
138743
235273
20887
7929
269514
242765
363726
233456
162909
52696
365018
398215
366381
50084
161223
215315
273529
305354
47662
491147
468286
286195
467201
262020
392975
255583
399647
42574
361445
208419
240020
280594
245570
52768
421272
279974
15707
65773
430043
219072
285731
352955
238289
24681
59238
483483
405431
62277
159246
96470
397304
50984
191981
118572
124062
315242
36706
221411
286517
156024
36873
30184
36867
375487
154520
458872
225164
39113
238218
44191
242577
356767
403420
86667
92774
36469
152392
98201
230474
78685
387236
453124
218695
119060
265940
100243
133750
488189
219525
121962
30962
177017
196066
396601
89022
465093
358294
323944
143450
287408
440712
341966
55249
481020
46397
282639
422941
450451
191368
296220
211182
473401
62369
210182
126838
83112
54737
118924
277673
51047
278976
77634
251542
67131
302189
376212
107520
45750
251725
2807
384970
357940
427832
479638
426991
362804
479185
149224
90887
36428
340330
423724
400691
57576
57111
61170
338078
68814
362895
122260
182546
292660
212874
260983
190171
403375
161795
234000
62307
368101
206261
190735
173742
201966
63703
253849
1496
108120
492890
484212
11966
420694
351407
324381
298097
399831
453585
207441
258232
74297
23560
28600
471691
46393
389857
26061
326044
103384
286677
345336
397705
200013
258751
104456
74378
368666
52163
263145
113444
47815
155321
449686
460359
168455
22336
476437
455786
79318
224741
159196
340997
59654
128153
313539
322067
239361
29347
338418
295335
413698
163661
182240
363741
336471
430118
227552
348674
185222
494189
257759
289254
455217
373384
188231
341088
386984
397951
439013
358512
383618
267479
425483
223783
267675
153068
331448
64064
231370
108688
33893
319836
362228
326124
423307
41440
322191
368809
369787
419117
462549
444879
362031
318935
419704
60630
289324
492945
55730
471649
299766
456052
59330
90465
380965
125358
451065
449582
103833
468132
324691
207673
496715
47557
463265
496604
161815
358972
158030
344906
310734
142522
179195
228091
176506
89158
127376
417186
373523
452473
408442
119742
196424
27584
329125
198422
479712
375074
471672
342235
318575
32344
79564
293251
316097
414926
242556
236111
221691
499148
267729
1791
130298
455784
322432
80154
313843
329305
4149
82169
200431
82382
302357
309871
450605
480454
61814
375912
64683
345686
496644
360053
338311
86746
438126
148762
55065
271438
424307
412060
470476
291418
93402
300837
82341
119673
333320
242867
47329
251303
409420
235445
268211
399355
427760
188099
471719
378434
249906
58207
195818
108267
411906
105152
316892
54485
416417
475453
455573
497852
465559
299976
261277
395865
283665
436872
334603
357880
16819
69322
187442
284982
478864
21876
240287
484472
76964
67792
321474
290553
159040
265704
71087
309572
312719
268613
443022
236796
276790
73964
449548
93277
262138
171186
453942
481740
223181
199334
371546
381721
317286
2185
302480
210865
454075
119810
125769
243602
420497
144495
397241
241895
80562
300226
32691
72107
229181
308510
345916
70667
377777
491364
423488
21429
349161
143715
216871
413777
222376
395884
284273
452516
249638
479392
184389
172884
307728
336589
372253
265834
236529
465732
480337
187739
432363
403675
186291
491847
7586
230388
88211
97150
384249
398257
10583
299890
196498
495930
207247
456024
66824
380777
168626
375243
379721
397762
407838
209762
160736
405066
479762
431748
53455
140026
257386
188528
77103
192310
450143
323297
193332
145383
387166
68449
414520
97030
225861
1429
175673
122091
295851
107461
207736
392925
271960
431129
115246
337733
38328
112859
485565
399125
268657
499041
41745
434054
70999
76420
87901
376828
328593
326977
464217
8341
287051
428080
222190
187030
158611
66093
294450
27096
196291
284238
182009
165519
20014
330172
30964
396400
319035
6140
151705
398909
392430
195251
384487
5760
95490
316812
113454
346607
440036
265056
46225
96461
21871
125298
118773
22909
179073
349986
209084
305346
96684
235695
321137
240282
36453
488570
233381
388964
4495
290512
320473
436024
393262
453816
262178
384966
295971
43742
403200
162634
153154
26551
47630
250955
332012
196225
135032
433781
85951
499335
109472
39732
341732
405523
191916
443035
172413
188809
176800
310445
179133
42872
51668
168461
233451
497074
348583
167255
424210
242676
308418
184537
151473
14542
195651
368894
390222
434631
205079
451351
385968
470924
198205
203782
275439
339319
95406
499105
126409
17130
167511
171463
326016
312960
499395
223050
12885
146099
169461
440485
471773
230752
416735
126485
282019
287416
176968
134764
282942
318956
138523
154492
328882
115039
406618
56433
72675
193022
114194
410254
413440
47795
263709
294779
86453
319558
497714
208257
192204
480909
60140
33412
233665
190862
178011
365445
284399
72546
400860
259240
212838
434199
227093
391722
251401
90077
82107
444874
198781
121560
60986
284140
161084
482423
404058
442549
266027
229128
311736
415118
216310
351727
211383
281503
494956
496858
2628
200287
361023
313641
457579
427075
150463
84035
498154
113233
384494
57927
54786
108415
382855
50492
174219
92931
123705
418408
190708
381792
417206
294602
363889
228221
331958
296122
382027
158220
431429
489801
104345
499824
60843
483287
14657
184057
15770
162866
324610
5003
37736
20150
473327
217929
313246
51371
434368
69149
113934
176773
206698
175067
249752
246362
460988
163915
450314
347001
259740
279883
237562
283321
161180
43486
187379
29504
25347
476042
21647
253697
362622
454843
370490
91473
201574
82917
194478
169636
308157
294467
78861
195551
97469
6778
251092
240575
47256
469581
11724
422578
258728
428961
487802
446345
105364
388527
475379
416206
317981
153349
228053
90704
209064
156716
99438
325966
67853
222643
164997
420038
187679
211215
172667
380411
334815
400679
389353
10756
336461
361763
35510
317069
273598
379642
16260
325392
479737
303693
247042
461676
105049
400408
119359
328028
16177
483860
111340
378088
23796
397151
392385
445139
207011
95017
456611
159275
498004
179931
211528
309798
16826
408830
101801
493207
420806
55645
25877
203126
381869
220597
408419
185767
258637
7960
134700
4830
81488
8972
261022
132873
165585
346695
121236
3523
92159
80285
250967
459811
327094
343232
496313
285545
167404
474591
332783
15185
200743
479773
240649
401421
270088
205193
176048
487148
499476
466514
393067
465564
251578
70071
283758
408321
9200
70592
36675
90785
43308
212631
472292
26783
166135
229810
273297
163763
156418
194456
364878
404110
93535
236352
188116
429227
432830
132293
449108
348829
29785
67589
229442
232939
34107
399268
35144
376542
131543
226245
395640
382124
143216
285310
44174
343903
105190
95985
330466
49027
328726
493956
338635
341142
272579
426403
210055
120514
77371
343321
285840
434572
321553
117071
285296
422660
105591
166467
452703
471167
485035
371313
246107
278025
154894
326240
37837
137302
166196
24095
220489
76505
479908
368413
308270
348139
109302
239826
188816
69239
24764
302343
366989
496071
429689
248134
391923
338851
132641
126946
96462
378675
58692
166397
350805
88219
158771
237028
218949
98285
42438
369042
288603
341794
460909
424306
200051
77250
220745
78501
127183
214005
167589
308062
397850
397962
61920
6924
390933
189397
37248
247575
64955
434778
406073
377733
226704
390792
212811
325790
124253
142941
445133
306449
110228
216316
433264
5873
215375
111655
165384
7292
64883
472065
455574
425454
302890
144315
55945
58901
239024
13507
51942
391844
392498
470881
123833
441590
494547
274242
130630
316730
472125
270380
240082
19962
383232
262656
304534
250889
20204
52864
135063
46686
344778
154529
391009
277342
263901
29494
420727
484712
473959
465343
180278
12888
5482
122680
419766
483137
346484
60168
166239
280811
478727
498729
60719
473569
427334
428359
402584
483243
369193
342989
259072
362127
385779
274623
439492
238355
440978
219347
359277
479558
412103
108317
437314
384640
113075
152242
215299
416462
484196
395720
469989
490474
419817
227946
65348
170477
236178
296464
57202
193374
13125
340252
19878
679
406447
151915
154786
92869
149186
496550
487616
105434
89738
233378
124044
179308
76303
460570
421199
438048
335003
35988
260767
326658
385263
380352
363208
249493
193105
357823
18406
22005
18907
271739
460691
16696
499475
83886
154290
99609
206647
47033
145160
318767
100277
13983
459444
127952
445252
29336
11
162677
222865
40881
236928
42619
392553
208698
222518
314330
345373
286073
284624
110440
112828
442943
276603
192650
249293
118766
139636
407723
124016
449826
42487
167415
88886
29319
110641
164570
333868
246073
82135
262895
420694
182275
29464
84408
48697
465755
278619
337041
299323
45022
10471
4724
5968
128507
418903
79203
381098
467416
179110
202887
68436
127381
448688
390622
320789
412091
157753
365555
167496
189403
176234
151862
217834
270561
424202
242652
131773
288684
485821
86405
151380
434797
177309
26174
421162
244302
340682
133820
155589
334348
230606
104460
174717
313572
160687
249797
46637
329900
20276
442134
367846
85038
333509
187030
488358
72033
495160
286551
260143
148396
272175
476180
474031
119616
426925
353491
90099
181268
211730
206444
358704
75176
378842
128132
154115
37413
329028
409591
407477
148728
114924
376761
447621
404838
177651
140281
345356
445824
279385
187852
407837
78500
334653
63458
72150
217400
365531
253449
181511
450674
325062
476772
336624
483555
479441
435245
6329
120979
431569
112063
218585
252794
311208
173619
16304
212852
224121
27632
196344
277320
428344
228104
76943
494979
3078
25050
266389
227451
61534
22641
38902
190163
426068
467017
53121
192154
386575
305639
327993
491701
354645
149988
341575
387141
27638
150980
62970
224041
204488
136324
223309
368662
228496
250871
93666
156596
432307
331416
163633
490530
235572
495093
495668
33278
116069
403843
91526
450894
433349
35168
470641
426477
466094
95494
344418
240349
220588
448844
278731
158025
11864
7984
435325
307358
230657
214469
231951
76562
260401
195089
129335
279541
8143
65746
13572
155558
434552
282418
442112
126244
392428
486412
115485
359279
136243
375906
410080
10678
42155
162038
280221
54880
108404
288521
158649
486544
185683
273603
295363
26531
472199
50079
409444
149070
395909
154880
267681
360159
264192
274267
251206
175468
471297
407909
446119
193036
374217
383863
315602
427055
182361
243712
232029
434100
117719
441470
264429
284484
51320
324911
200374
40795
214533
284038
328846
218812
138192
239909
320360
397411
443145
329101
296946
389383
35167
193926
333612
321262
275607
466033
453711
271028
179362
54227
136837
81096
47333
479290
329446
369146
298716
6748
395722
445966
492631
159512
231576
41678
85807
65977
137223
250636
441522
361408
83941
25650
219192
290296
141675
161128
361554
329293
333707
57804
420491
412116
128572
417367
35168
443297
236735
87333
267173
186868
310915
133547
211144
250538
59563
67975
280086
108432
427110
304785
144506
16357
414383
142173
9511
211269
14062
65111
175032
295717
133608
284564
241421
47536
91688
107782
440790
450597
475306
270585
90907
162376
177450
355802
402093
390886
36239
230037
369563
300796
231918
370529
248728
439349
259021
203351
66745
289743
35980
306655
97739
401046
461432
123425
292735
384768
195117
205639
319631
200103
117835
44107
283637
178075
457880
483122
478284
457930
123547
88757
234129
493964
119972
351373
182637
225768
126746
3571
192720
43096
391562
474042
336603
350357
124941
65125
26161
351956
356271
94396
387781
397187
297383
287736
102673
424540
76934
377353
184250
126072
65806
495298
42960
373880
283601
375309
212110
188987
416770
156078
34824
434499
86416
379507
93024
297368
66892
373521
106725
387734
348961
125779
155462
458233
456630
251648
198030
430428
158801
101039
295781
428012
23326
115957
464312
415930
167370
191155
327156
459847
126300
470068
362432
280631
351741
183602
85778
359982
340084
242016
190078
394279
93253
357771
382322
117155
386268
32058
449074
60549
276858
480957
346107
1526
52416
48465
277076
189166
62701
250835
452012
131702
101030
355756
137642
359349
262713
61828
181344
49284
168783
143232
442284
301163
53044
418680
79153
217173
209462
252848
218269
334620
164997
418977
399689
237570
368018
318483
403514
444910
331132
31003
477571
124829
458085
469972
368812
222159
138111
376851
428300
244919
361676
427011
245109
118730
61279
268960
428114
429615
403673
198680
149361
339795
184411
301855
181284
444733
317943
294827
2589
485049
385536
476737
257270
426976
315680
486307
374584
405431
493159
124544
437456
170703
405335
118994
317779
272851
333219
194277
131283
213617
165833
479281
333785
289128
78305
31057
83162
79130
407020
345132
105871
163009
416757
257267
496693
458825
378087
65148
228156
53623
280778
384454
413174
462701
282239
328788
75602
192222
244319
433790
460215
104685
163189
73870
208204
344669
309239
187600
82152
69746
207234
399889
90082
167455
322969
470763
194852
409259
395290
46899
483171
43438
302790
228604
174116
95498
483186
408413
453091
211474
78688
414311
74710
36414
378017
371563
314363
15106
70501
269578
380599
263151
385457
315480
167991
494950
437814
420272
226994
57031
155102
351218
60591
185602
17372
233262
270247
477935
185693
273748
266302
1505
56184
49704
327175
281890
248303
482235
384023
3437
416983
405218
298404
85712
6010
274843
139326
403470
247556
368949
358044
33276
384244
241609
23014
35975
215014
1528
489612
42841
41407
199268
253246
208977
393230
163116
113742
458724
165259
275405
363623
422974
284203
180612
251538
222443
201214
228843
44871
34943
157923
317714
241999
40967
249713
428408
51962
333453
454400
82316
378028
152917
331008
39413
206888
184381
262533
162445
133196
334266
67602
390884
61845
283992
175098
477287
77860
276769
94816
82488
138043
37983
37294
140518
92234
363339
284760
42829
216791
303857
164395
708
330084
131831
411946
465514
25512
455483
491741
460605
399596
22465
72747
47550
64090
133683
227839
488162
228759
116412
281500
437873
167986
162194
327516
32112
466586
329800
140
101262
152560
478573
51301
456393
63529
68460
77459
217853
450312
373262
107839
301383
232306
430661
491053
26651
153675
85180
122070
79155
121894
9710
418536
419699
111563
376299
239550
94872
171369
6539
395054
80889
317391
275787
306751
123929
362229
493553
378384
107953
316152
474229
62658
186648
136074
142158
294895
410749
172484
306094
479347
289055
125527
480383
495372
352701
157534
286778
460813
93377
34815
404497
392424
321172
73672
255089
8148
441365
7495
16559
391145
230343
130933
127602
462489
392120
461679
275254
329107
376586
418578
304104
476111
108865
101307
229653
211648
100195
425583
325282
37517
2650
98917
228220
284516
434413
341000
377294
63305
189175
166452
110196
157294
126599
405546
317161
44335
175510
275237
139095
238467
212359
33777
364574
397875
231659
224566
275228
417944
294809
179325
145826
25780
393015
346205
216309
360963
107854
166064
87897
457761
422895
102006
309003
29380
82367
208966
342044
402187
437124
288310
274378
45411
329727
231026
61229
120698
465304
431020
125168
313153
194706
415234
193703
336922
10446
439898
197711
149464
446577
478097
24941
218221
85089
313285
318845
336335
354261
358430
460097
257881
258818
444508
171256
403528
349164
37839
102390
280720
159238
383910
314244
99492
176403
401908
461306
211046
41242
207253
161461
243057
195341
23522
463034
243619
110829
112646
13805
419585
308703
293003
333723
160603
223764
426177
451302
235245
305276
2779
82
72027
183609
153305
209017
23047
64044
414886
77732
181010
261580
280178
281720
441597
401152
215571
379801
147709
419537
487108
306731
432325
93185
445627
345695
469790
426036
296872
136119
202212
188672
407269
308717
397076
102191
237072
175056
262828
175457
196308
76793
87874
492109
234481
117286
244505
331667
13079
376577
215906
7296
304679
368134
294337
136932
93125
376598
186712
92679
324347
53836
2691
18161
56136
147789
160873
138000
167675
54952
462724
329900
393340
394227
171785
332901
492331
144168
296575
458299
108248
464100
265351
278363
389206
63768
198594
400302
100083
497511
201984
165171
403935
345754
69281
378543
388621
376201
153506
175716
235119
218266
490337
19282
280624
334409
343331
344644
369771
18470
182341
61942
198073
71995
438919
19950
480622
279553
242450
262083
123080
285376
416699
394893
227613
93922
335665
236551
317810
403399
474268
122913
68722
151183
60754
62857
194278
203221
399402
438019
384809
437377
223290
36193
103128
67196
120339
344946
452251
261670
300358
108218
200036
397659
147262
335621
205953
5193
433039
468865
96447
432855
102412
74399
486279
62760
176315
436627
322391
291070
14545
466800
475738
252299
223599
340236
479956
32874
318683
185853
193428
471316
65126
6031
206860
489672
287340
387832
31659
274520
40575
221847
287104
196045
371018
184728
436988
471616
429284
305592
15823
384673
126562
4249
174558
55264
170088
496068
482688
496332
160171
252715
12183
75150
307698
342547
5733
271866
293894
46288
278737
480560
233580
409899
174845
350509
347747
11653
89260
169128
415053
377258
497239
310671
89227
273701
1969
316483
75507
185552
285589
89793
99266
66911
218655
110584
453754
114384
253038
451718
250242
74698
189576
426435
29337
321770
61714
288530
174241
418461
435659
105486