75
164
223
355
397
495
535
539
565
600
621
631
655
678
800
896
908
953
1023
1100
1336
1355
1408
1409
2041
2194
2215
2267
2572
2629
2687
2820
2826
2836
2940
2963
3099
3251
3308
3331
3513
3769
3796
3836
3847
3983
4030
4052
4287
4327
4370
4434
4463
4480
4493
4548
4820
4826
4925
4981
5024
5146
5152
5158
5227
5252
5317
5582
5816
5939
6037
6122
6241
6275
6521
6630
6772
6822
6825
6884
6952
7107
7282
7295
7621
7658
7726
7848
7852
7999
8015
8199
8211
8269
8283
8483
9090
9200
9245
9321
9369
9391
9606
9722
9775
9787
9844
10336
10388
10555
10615
10630
10652
10685
10743
10842
10868
11044
11263
11419
11437
11695
11818
11938
11971
12132
12422
12442
12521
12553
12581
12710
12789
12865
12888
13035
13266
13339
13362
13437
13456
13556
13584
13803
13896
13911
13938
14070
14081
14355
14401
14490
14654
14685
14709
14849
14885
14927
15317
15323
15464
15537
15552
15769
15857
16006
16064
16246
16464
16494
16782
16883
16947
16972
17177
17255
17304
17449
17459
17498
17633
17711
18183
18567
18573
18588
18873
18954
19214
19227
19257
19348
19385
19477
19582
19767
20194
20207
20357
20379
20432
20541
20657
20799
21002
21035
21072
21160
21330
21453
21578
21644
21751
21885
21913
22206
22354
22379
22385
22506
22567
22604
22726
22902
22911
22953
22979
23146
23287
23336
23379
23388
23414
23460
23605
23639
23884
23975
24023
24088
24118
24125
24128
24254
24333
24381
24459
24511
24541
24715
25044
25063
25228
25391
25557
25570
25724
25765
25817
26058
26082
26109
26120
26159
26198
26379
26395
26425
26470
26505
26636
26698
26781
26959
27057
27170
27232
27260
27348
27600
27620
27814
27908
27910
27925
27967
27985
28003
28155
28271
28296
28325
28356
28498
28504
28571
28592
28935
28945
29014
29048
29224
29229
29318
29512
29520
29715
29770
29801
29817
29862
29919
29954
29955
29963
29981
30362
30582
30659
30722
30868
30980
31026
31047
31247
31332
31849
31951
32066
32189
32443
32670
32685
32793
32823
33137
33488
33602
33723
33768
33801
33857
33872
33879
33880
34098
34106
34197
34221
34313
34611
34652
34740
34742
34795
34806
34962
35027
35104
35165
35203
35409
35464
35518
35618
35675
35724
35739
35812
35911
35913
36009
36073
36175
36235
36270
36391
36467
36593
36810
36828
37058
37142
37162
37358
37450
37457
37730
37746
37770
37857
38159
38228
38307
38362
38364
38598
38615
38694
38732
38740
38820
38915
38920
39199
39243
39280
39368
39392
39455
39704
39770
39808
39823
40095
40215
40311
40341
40376
40413
40597
40794
40801
40844
40880
41013
41150
41155
41279
41294
41302
41573
41671
41710
41741
41749
41831
42053
42057
42092
42151
42635
42777
42912
43017
43229
43410
43553
43702
43780
43781
43960
44140
44227
44580
44598
44606
44632
44782
44858
45094
45176
45196
45262
45289
45586
45619
45635
45789
45794
46101
46232
46271
46684
46841
46863
46964
47096
47333
47346
47483
47517
47670
47737
47775
47823
47875
48301
48351
48428
48509
48607
48976
49003
49024
49118
49249
49286
49424
49651
49765
49939
49990
50165
50183
50195
50197
50250
50299
50379
50714
50868
50881
50897
50956
51103
51132
51276
51333
51405
51619
51640
51735
51764
51765
51913
52204
52240
52380
52404
52647
52840
53169
53214
53317
53685
53899
53932
54028
54050
54091
54238
54348
54417
54749
54857
55143
55268
55347
55434
55524
55677
55694
55744
55911
55951
56110
56353
56358
56423
56549
56770
56773
56922
56969
57008
57070
57081
57205
57289
57302
57313
57321
57451
57525
57570
57643
57644
57683
57697
57714
57759
57849
57930
57981
58007
58195
58342
58354
58519
58649
58840
58903
59221
59305
59718
59736
60161
60428
60451
60491
60652
60664
60699
60725
60768
60822
60883
61412
61481
61568
61638
61776
61910
62014
62025
62200
62262
62300
62377
62515
62683
62719
62915
62974
62998
63121
63264
63295
63357
63462
63488
63498
63625
63649
63682
63781
63855
63990
64083
64130
64496
64528
64637
64660
64714
65033
65040
65075
65184
65273
65278
65375
65465
65469
65595
65610
65674
65680
65768
65834
66000
66092
66258
66270
66347
66529
66652
66699
66704
66724
66729
66814
67070
67212
67277
67347
67359
67414
67449
67556
67564
67693
67734
67859
67898
67993
68060
68117
68398
68406
68707
68744
68785
68925
68948
68981
68985
69056
69313
69337
69361
69400
69407
69483
69653
69686
69822
69913
69955
70021
70060
70328
70373
70442
70467
70583
70702
70726
70969
70971
71007
71296
71327
71388
71549
71669
71760
71835
72098
72313
72316
72360
72438
72556
72620
72646
72770
72992
73056
73173
73344
73369
73510
73598
73636
73994
74009
74111
74151
74290
74342
74355
74493
74727
74888
74920
75031
75047
75233
75631
75636
75752
75755
75833
75977
75990
75998
76224
76372
77026
77077
77141
77150
77287
77426
77616
77892
77936
77937
77978
78111
78169
78190
78319
78451
78518
78527
78622
78670
78680
78928
79053
79128
79234
79235
79357
79504
79685
79718
79817
79831
79882
79895
79902
80086
80090
80198
80518
80530
80532
80690
80704
80719
80919
81062
81102
81420
81568
81576
81905
82061
82062
82302
82419
82447
82540
82553
82806
82820
82868
83041
83263
83356
83408
83498
83931
83964
83981
84012
84077
84122
84196
84326
84341
84386
84396
84407
84437
84601
84656
84717
84894
85031
85211
85376
85711
85736
85737
85812
85840
85967
85995
86157
86306
86332
86392
86466
86470
86543
86553
86679
86811
86861
87127
87135
87275
87353
87379
87465
87511
87584
87826
87837
87978
88121
88214
88266
88511
88690
88709
88822
89080
89120
89204
89431
89607
89640
89846
89856
89934
90122
90276
90337
90350
90461
90537
90749
90842
90886
90929
91067
91132
91214
91221
91275
91571
91620
91715
91734
91842
91974
91984
92330
92361
92587
92699
92702
92743
92765
92955
92984
93034
93328
93448
93658
93721
93789
93881
93999
94249
94275
94292
94303
94397
94450
94467
94552
94623
94783
94821
94950
95054
95079
95279
95382
95488
95560
95634
95671
95714
95774
95799
95995
96182
96217
96382
96529
96652
96759
96911
96960
96978
97030
97135
97184
97418
97434
97503
97588
97603
97696
97741
97933
98023
98101
98120
98574
98674
98735
98757
98984
98986
99054
99158
99256
99412
99598
99628
99967